-129175.47
-128955.1635
-128936.1284
-128878.3734
-125346.3602
-122884.6043
-122594.6261
-122227.9153
-121524.3761
-121035.0994
-120345.0852
-119701.0024
-119187.9518
-118849.2269
-118075.1679
-117357.5726
-115646.8739
-115539.6702
-114731.2295
-113039.0984
-112006.6828
-111856.2052
-110902.5019
-109677.3051
-107693.568
-106880.4157
-105385.2713
-105231.6206
-105208.2236
-104852.9516
-104114.5131
-103721.934
-102779.6391
-102325.8462
-100629.6238
-100132.8437
-98867.3311
-98458.86212
-96400.04839
-95429.93423
-95236.41665
-95123.41942
-93880.05198
-92051.36671
-90147.39173
-90129.72634
-90129.62415
-89083.9317
-87465.95126
-86920.00901
-85915.22578
-85458.3908
-85160.87734
-84717.4716
-82906.03256
-81570.78698
-81316.35328
-80951.00434
-77489.08095
-77412.00171
-77222.32489
-76586.38292
-75292.49694
-74506.15316
-73654.01057
-73208.56925
-72350.6666
-70698.26361
-69431.4534
-69063.34276
-68902.60799
-68645.23101
-68226.47214
-66445.17523
-66091.19344
-65879.48639
-63654.97212
-63296.36225
-62900.76007
-62146.37398
-62002.5452
-61649.30069
-59633.69483
-58848.218
-58691.17804
-57100.6134
-56652.07486
-56323.42487
-55677.44325
-55404.60245
-54986.38208
-54445.21205
-51765.3421
-51529.54212
-51524.2108
-51301.23281
-50176.67572
-49955.87645
-49802.03888
-49527.70408
-48240.7142
-47867.29416
-46994.34765
-45174.7447
-44433.28584
-44336.96144
-43696.75111
-43595.89872
-42722.93147
-42650.38705
-42360.66239
-42292.11994
-41406.22548
-41266.23546
-40771.89234
-39570.30828
-39569.52024
-39256.56328
-38697.77282
-38540.7755
-38507.48607
-38182.39225
-38145.75599
-37330.49948
-36939.96798
-36630.47718
-36188.83275
-35650.33283
-35121.27033
-34725.19432
-34162.83244
-33921.31005
-33868.59
-33664.76421
-32998.35929
-32979.70378
-32757.00954
-32448.40701
-32191.75541
-32177.77494
-31774.21772
-31733.50329
-31615.75797
-31595.11402
-31418.37963
-31220.77537
-31080.82527
-30904.05059
-30730.32208
-30637.19917
-30572.36031
-29452.7603
-29070.38125
-28987.22378
-28952.35467
-28929.63034
-28768.2447
-28743.94893
-28453.49134
-28211.1974
-28189.81072
-27351.38951
-27227.15742
-27159.72158
-27146.82201
-26814.802
-26362.09274
-26026.89823
-25643.25596
-24639.7441
-24556.11893
-24527.05103
-24463.77816
-24207.67266
-24096.70691
-23811.12673
-23692.14272
-23675.80538
-23651.70411
-23628.3257
-23613.18307
-23492.88423
-23288.05773
-23281.60056
-23031.22401
-22867.05278
-22755.09262
-22537.87551
-22456.85021
-22373.21025
-22335.30123
-22245.76299
-22141.00595
-22067.3556
-22028.52267
-21756.64495
-21712.50503
-21631.28682
-21358.71379
-21098.89225
-21004.2759
-20805.99041
-20777.62701
-20762.56619
-20742.0722
-20627.14746
-20620.16352
-20182.19597
-20160.23858
-19840.70561
-19834.21126
-19639.58708
-19529.01569
-19372.88385
-19356.92843
-19328.04083
-19013.21522
-18966.64427
-18934.71374
-18754.93193
-18739.20757
-18227.97915
-18120.40759
-17728.42733
-17723.16059
-17588.12366
-17419.62936
-17398.76554
-17302.63009
-17271.04184
-17111.87778
-16758.5723
-16301.22715
-16141.64819
-16126.70935
-15926.34842
-15744.90197
-15467.89418
-15415.26513
-15403.94542
-15270.76887
-15261.82873
-15218.68685
-15034.75896
-14811.19741
-14669.42604
-14616.00411
-14430.36326
-14330.76798
-14283.65835
-14189.18051
-14115.04069
-13983.17977
-13905.50807
-13790.16677
-13551.9158
-13393.31641
-13282.44683
-13207.54331
-12950.54943
-12857.50033
-12786.70525
-12721.07402
-12621.73591
-12369.89844
-12241.2927
-12107.39787
-11966.50957
-11919.46356
-11915.96479
-11898.87152
-11838.1551
-11773.10727
-11568.739
-11523.83264
-11442.77057
-11341.77828
-11305.86593
-11181.74361
-11167.47373
-11103.20752
-11007.56982
-10956.72524
-10877.91349
-10830.00192
-10827.64478
-10799.55915
-10787.43844
-10746.78926
-10741.59731
-10718.36959
-10630.68239
-10612.66888
-10578.80044
-10425.82493
-10308.03789
-10284.18747
-10231.03299
-10227.94294
-10162.00938
-10143.23442
-10070.73299
-10014.60268
-9958.494819
-9829.480319
-9785.68922
-9599.682157
-9586.430136
-9560.858811
-9479.3614
-9422.375494
-9332.973273
-9309.355648
-9287.026038
-9080.994056
-9062.603624
-8997.755456
-8924.466078
-8912.56068
-8905.135055
-8820.378378
-8781.161726
-8720.429771
-8632.837507
-8617.10875
-8530.944789
-8459.870218
-8401.600212
-8338.904586
-8328.092926
-8273.467338
-8235.039796
-8084.742765
-8066.123029
-8065.650618
-8043.53276
-7954.014526
-7890.669457
-7761.477059
-7737.331757
-7602.802058
-7480.689809
-7472.080636
-7442.577529
-7441.127865
-7338.304797
-7307.316542
-7306.048921
-7108.200036
-6982.774485
-6914.129762
-6894.909789
-6880.198286
-6853.600911
-6688.193956
-6564.094174
-6536.55842
-6527.137689
-6476.08083
-6382.627246
-6371.275136
-6331.420854
-6288.379031
-6246.678383
-6220.024402
-6214.618523
-6163.872483
-6123.813244
-6108.343971
-6059.473827
-6057.426171
-5982.226631
-5953.192878
-5911.926133
-5857.41348
-5848.088712
-5816.012877
-5764.432561
-5746.071743
-5572.934292
-5516.730807
-5500.569165
-5497.296475
-5467.460376
-5317.770953
-5277.640256
-5250.842631
-5245.711032
-5184.96234
-5148.002033
-5087.190623
-5078.798257
-4998.598791
-4947.206916
-4938.435782
-4896.153983
-4883.524818
-4622.45116
-4590.910012
-4564.924227
-4509.4872
-4500.822919
-4450.544624
-4418.349194
-4336.186891
-4240.56274
-4236.666139
-4174.065309
-4171.77237
-4142.535475
-4134.732657
-4128.971417
-4107.275847
-4102.167795
-3950.277739
-3915.520351
-3914.546686
-3869.070408
-3803.192307
-3777.967702
-3730.912708
-3700.263076
-3694.464133
-3684.274818
-3679.665193
-3670.150193
-3641.490159
-3634.123209
-3627.211661
-3592.095829
-3570.042748
-3483.798821
-3446.11676
-3436.020676
-3435.916929
-3435.023848
-3397.145329
-3390.971267
-3302.153439
-3281.710957
-3221.817565
-3157.610832
-3142.625063
-3117.648672
-3095.258226
-3040.966074
-3028.795888
-3004.098731
-2964.863826
-2963.936928
-2931.393402
-2768.10067
-2722.500122
-2711.350188
-2666.594235
-2652.819136
-2633.094626
-2603.251035
-2550.129696
-2547.624489
-2540.386491
-2518.118433
-2507.627502
-2451.236354
-2442.406087
-2434.038096
-2412.524589
-2313.516308
-2307.775305
-2291.142629
-2288.680283
-2283.109818
-2270.574579
-2267.890542
-2207.014443
-2140.194806
-2135.523407
-2131.439368
-2111.763952
-2102.772202
-2100.62216
-2073.60441
-2062.216731
-2040.627131
-2026.601545
-1994.594647
-1967.388172
-1956.896143
-1908.582438
-1888.498786
-1857.665484
-1854.883029
-1830.651403
-1792.890642
-1782.831809
-1779.910583
-1769.692913
-1735.79055
-1733.277196
-1724.874849
-1705.343621
-1695.756502
-1650.836154
-1647.424103
-1628.149253
-1618.875258
-1583.12752
-1565.14912
-1563.26623
-1497.474412
-1475.952751
-1465.017497
-1430.030795
-1419.205702
-1372.406524
-1364.270519
-1362.888732
-1332.591059
-1330.420365
-1261.377364
-1259.455624
-1247.845988
-1192.953337
-1163.874595
-1153.750966
-1144.758039
-1136.656869
-1086.85341
-1062.373153
-1039.492884
-1018.838687
-1017.06515
-1008.150307
-1005.455047
-993.4755594
-971.9096915
-959.4658652
-958.415887
-943.8802989
-935.190599
-927.7256541
-917.7183314
-917.7071626
-897.3836029
-889.3251499
-862.3566885
-847.3332042
-846.5770655
-845.8824797
-843.2019123
-835.2193023
-833.1405122
-814.4710091
-805.3523651
-789.6522853
-783.1307499
-776.8637237
-726.4673775
-677.5494201
-675.7748472
-674.2337624
-672.6348818
-640.3846236
-639.2658633
-631.5991716
-623.5530825
-620.9804395
-612.8253419
-606.3634029
-598.7364636
-597.9341348
-595.0546388
-588.9087949
-584.4161303
-581.8527583
-559.08761
-556.3496686
-518.8346913
-518.4327196
-516.531498
-506.5325199
-505.6655094
-495.8935047
-494.5603097
-491.5024064
-490.3993114
-471.884451
-470.8873051
-465.5201766
-454.3807244
-448.6818647
-445.7755591
-437.1304846
-435.5818592
-434.0742675
-431.7425853
-431.4886338
-430.1363309
-430.0050251
-429.3530952
-416.1063781
-411.1119805
-409.5728856
-397.0081799
-392.4765528
-386.4031538
-381.9465092
-372.7781455
-363.0694029
-359.1418044
-350.0342582
-344.2840818
-335.5902263
-324.4257362
-324.3496151
-323.8630593
-322.2479992
-314.4694086
-309.7076534
-305.9462727
-305.6612038
-304.4504972
-287.1343263
-286.6750214
-283.980538
-273.0644362
-245.173485
-232.4066033
-230.8837761
-223.5206784
-215.9948321
-214.7902207
-204.661249
-188.2398303
-182.4121336
-178.851113
-164.2755232
-159.6988785
-158.9121088
-152.9372438
-147.5713066
-140.2772491
-139.4476254
-137.8270996
-129.3523051
-119.744286
-107.6417871
-107.4244482
-105.8440102
-97.7027909
-93.73503676
-89.61384459
-78.21304689
-77.96659403
-77.62819861
-77.58052107
-75.01424213
-71.93545843
-71.28030402
-69.0565597
-64.76270039
-62.10197256
-57.29876701
-54.8745828
-54.13434496
-49.73335322
-49.0497925
-45.2221636
-42.78262824
-36.74054463
-24.23419165
-20.91508159
-20.5933391
-19.63026496
-19.06413204
-18.64759224
-15.29845476
-12.53579203
-11.52378329
-10.9874434
-5.240888654
-2.26702884
-1.738943194
-0.9871562994
2.782522539
5.727603915
8.441689566
21.99873046
22.15979532
26.15605577
27.27520263
30.57271333
40.34133563
41.33267845
43.71042351
48.21259269
50.04929519
53.78750404
55.97362447
61.29970777
63.61243195
64.46203823
67.92325868
77.93958362
83.85188106
87.98844412
88.01301817
92.73782823
93.29481416
96.13529676
103.00548
105.9461562
106.9650242
109.6288133
112.7917854
113.1561441
118.0543312
120.6212322
124.7520264
128.7084367
130.8585464
134.1860852
135.7897112
135.8078567
142.3418913
144.3012937
150.1990854
153.3590763
154.4801668
154.4825392
156.5864886
161.4373067
162.6421239
163.2251075
165.9563472
168.7707811
170.5432792
172.1005254
172.5825415
173.2293754
173.2814696
180.1554217
183.6295763
187.00638
188.5039244
194.7848403
197.8218533
203.8419252
205.0739802
208.9409378
211.7929773
215.5991756
215.8816926
216.5288779
216.7970797
218.5955521
220.3418658
220.7851961
223.9367088
224.2329202
226.7756176
229.6676092
229.861504
231.7385326
234.1674621
234.2442297
243.0895174
243.6962997
249.6742367
255.9441713
257.1380079
257.4646707
257.5720568
261.8243416
262.1551373
262.1634845
263.4617122
267.5644731
272.343444
272.3886565
273.2631474
273.6164152
275.1735502
276.8803506
278.1566768
279.1706245
280.6382046
284.8836245
285.2407802
287.5043243
287.5991213
287.9352188
289.3293231
289.8463444
292.0064859
292.3572773
293.3783514
293.4413669
294.7790853
295.5049557
296.0642968
296.6730421
298.4025387
299.2047545
299.71626
301.3101386
301.4782033
301.9051827
302.4195882
303.0621072
303.3960707
303.5507187
314.7321766
315.8160255
317.3003824
321.8158034
321.9186582
326.2222914
327.8599365
329.5178313
330.1515373
331.3407212
331.6474052
331.7407322
331.8165373
332.700056
333.3628914
333.7008041
334.5048051
336.0099943
338.1573285
338.6284101
339.1246597
342.866265
343.6215659
344.5092367
345.2221054
345.7745056
346.3874272
347.2286867
348.335665
348.467565
349.6484366
349.8624939
350.8303245
351.1268921
351.3675397
351.4016182
351.7119904
352.0848099
352.3549532
352.4920753
352.5832329
352.7746092
353.3179259
353.5007076
353.6948303
353.8378464
354.1580974
354.8888776
355.0044329
355.0499367
355.4350984
355.6769003
355.7063151
356.138863
356.4140117
356.5856113
356.6393703
357.1674492
357.280887
357.6350628
357.7638838
358.1107762
358.261284
359.1365854
359.2504832
359.2706047
359.6774479
359.706037
359.8814049
359.9546348
360.3342775
360.3647618
360.976116
361.2662071
361.3973458
361.532826
361.5440733
361.8057445
361.9747961
362.1411076
362.3341205
362.5311681
362.553211
362.5607104
362.5716575
362.6561728
362.6792519
362.684699
362.7776402
362.8953138
363.2040404
363.5456188
363.6735342
363.8852006
363.9125715
364.0257272
364.3474411
364.3754809
364.6046926
365.3343619
365.5085103
365.5305131
365.614641
366.0315258
366.3634074
366.3977858
366.4794436
366.8988328
367.1132235
367.3902534
367.4897761
367.5124502
367.5372877
367.6242309
368.2359972
368.4621737
368.7055341
368.9844754
369.1204853
369.4868853
369.5709125
369.6204219
369.9110616
369.9930641
370.026135
370.3450678
370.5051173
370.6590841
370.8435501
370.8999714
370.9340428
371.009428
371.1441774
371.1905003
371.2038954
371.4985214
371.5913086
371.6377405
371.6392961
371.7055996
371.8625444
372.2012326
372.2898155
372.4216363
372.4258321
372.4792537
372.6140679
372.7567426
373.0075223
373.0758595
373.1371165
373.2044046
373.2738843
373.3691725
373.5128417
373.5170946
373.5514792
373.5593659
373.6546848
373.7517034
373.8022009
373.8795438
373.9250275
374.0249827
374.0790285
374.1020612
374.1067745
374.1777356
374.2033061
374.3078916
374.3194941
374.3824208
374.3979177
374.4530041
374.4532402
374.4604339
374.4892353
374.4987204
374.5173701
374.5347331
374.5389459
374.5531528
374.5908775
374.6040406
374.6303764
374.6429555
404.4292351
458.0562074
