-inf
-inf
-inf
-1.79769e+308
-1.79769e+308
-1.79769e+308
-1.79769e+308
-2.37467e+08
-1.08756e+08
-8.63324e+07
-8.57504e+07
-8.46069e+07
-8.30254e+07
-8.28195e+07
-8.10837e+07
-8.08096e+07
-8.06799e+07
-8.03409e+07
-7.9035e+07
-7.7571e+07
-7.66253e+07
-7.60872e+07
-7.58437e+07
-7.51138e+07
-7.45874e+07
-7.40564e+07
-7.37999e+07
-7.36725e+07
-7.26823e+07
-7.19672e+07
-7.09121e+07
-7.07224e+07
-7.00809e+07
-6.96571e+07
-6.89644e+07
-6.86509e+07
-6.85019e+07
-6.77946e+07
-6.58519e+07
-6.46832e+07
-6.4225e+07
-6.251e+07
-6.20087e+07
-6.01071e+07
-5.7567e+07
-5.7371e+07
-5.72176e+07
-5.65106e+07
-5.54599e+07
-5.49283e+07
-5.4548e+07
-5.43783e+07
-5.36523e+07
-5.23208e+07
-5.17349e+07
-4.97639e+07
-4.95692e+07
-4.9153e+07
-4.85707e+07
-4.79341e+07
-4.7243e+07
-4.67993e+07
-4.46393e+07
-4.4623e+07
-4.42697e+07
-4.39126e+07
-4.28238e+07
-4.27906e+07
-4.24674e+07
-4.18932e+07
-4.05184e+07
-3.96051e+07
-3.95807e+07
-3.8716e+07
-3.838e+07
-3.81388e+07
-3.72387e+07
-3.69974e+07
-3.51139e+07
-3.40106e+07
-3.35682e+07
-3.31184e+07
-3.28324e+07
-3.27816e+07
-3.26663e+07
-3.25818e+07
-3.23753e+07
-2.97432e+07
-2.93645e+07
-2.91619e+07
-2.89215e+07
-2.88896e+07
-2.88857e+07
-2.88602e+07
-2.77813e+07
-2.73404e+07
-2.6269e+07
-2.60258e+07
-2.57351e+07
-2.55443e+07
-2.54976e+07
-2.52309e+07
-2.50862e+07
-2.50345e+07
-2.43109e+07
-2.42029e+07
-2.36843e+07
-2.36261e+07
-2.26442e+07
-2.23055e+07
-2.17477e+07
-2.11793e+07
-2.08045e+07
-1.9753e+07
-1.86839e+07
-1.83532e+07
-1.82541e+07
-1.82054e+07
-1.69703e+07
-1.63478e+07
-1.63012e+07
-1.60626e+07
-1.60471e+07
-1.53343e+07
-1.51503e+07
-1.50918e+07
-1.49617e+07
-1.4702e+07
-1.46766e+07
-1.42918e+07
-1.39983e+07
-1.39736e+07
-1.36386e+07
-1.35662e+07
-1.35384e+07
-1.32756e+07
-1.31787e+07
-1.31754e+07
-1.30514e+07
-1.2453e+07
-1.22564e+07
-1.21494e+07
-1.20076e+07
-1.19758e+07
-1.18536e+07
-1.16469e+07
-1.16048e+07
-1.14927e+07
-1.14779e+07
-1.13711e+07
-1.13114e+07
-1.12215e+07
-1.11854e+07
-1.10418e+07
-1.09288e+07
-1.06992e+07
-1.0461e+07
-1.03955e+07
-1.01976e+07
-1.00829e+07
-1.00081e+07
-9.77079e+06
-9.54975e+06
-9.15367e+06
-9.08156e+06
-9.04265e+06
-8.82361e+06
-8.78564e+06
-8.77183e+06
-8.76843e+06
-8.72797e+06
-8.6953e+06
-8.652e+06
-7.7319e+06
-7.73028e+06
-7.33943e+06
-7.28602e+06
-7.22586e+06
-7.20901e+06
-7.19293e+06
-7.18711e+06
-6.80166e+06
-6.73595e+06
-6.53039e+06
-6.52513e+06
-6.50314e+06
-6.47748e+06
-6.33634e+06
-6.30327e+06
-6.22059e+06
-6.13544e+06
-6.13386e+06
-5.98167e+06
-5.96002e+06
-5.93388e+06
-5.79548e+06
-5.68206e+06
-5.63161e+06
-5.62964e+06
-5.56529e+06
-5.46926e+06
-5.45385e+06
-5.45326e+06
-5.37444e+06
-5.35312e+06
-5.35072e+06
-5.30196e+06
-5.27315e+06
-5.24436e+06
-5.0225e+06
-4.99328e+06
-4.9107e+06
-4.86957e+06
-4.85941e+06
-4.83545e+06
-4.82346e+06
-4.79306e+06
-4.72381e+06
-4.633e+06
-4.54783e+06
-4.5318e+06
-4.31257e+06
-4.12948e+06
-4.09982e+06
-3.99327e+06
-3.99322e+06
-3.89428e+06
-3.83301e+06
-3.79783e+06
-3.76931e+06
-3.66384e+06
-3.55431e+06
-3.50822e+06
-3.45592e+06
-3.44405e+06
-3.40303e+06
-3.40224e+06
-3.39775e+06
-3.37998e+06
-3.34809e+06
-3.22427e+06
-3.18599e+06
-3.13827e+06
-3.07892e+06
-3.07511e+06
-3.03179e+06
-3.02765e+06
-3.01993e+06
-3.00667e+06
-2.93852e+06
-2.90963e+06
-2.90625e+06
-2.90063e+06
-2.86152e+06
-2.85054e+06
-2.84357e+06
-2.75717e+06
-2.69657e+06
-2.69522e+06
-2.64901e+06
-2.64022e+06
-2.62236e+06
-2.58414e+06
-2.54487e+06
-2.54089e+06
-2.53231e+06
-2.44999e+06
-2.4221e+06
-2.39888e+06
-2.37244e+06
-2.33032e+06
-2.30105e+06
-2.27638e+06
-2.20581e+06
-2.15811e+06
-2.15605e+06
-2.15571e+06
-2.12212e+06
-2.08759e+06
-2.0817e+06
-2.05182e+06
-2.04875e+06
-2.00769e+06
-2.00073e+06
-1.93145e+06
-1.91751e+06
-1.85129e+06
-1.8499e+06
-1.83874e+06
-1.7653e+06
-1.75171e+06
-1.74722e+06
-1.74471e+06
-1.7313e+06
-1.72275e+06
-1.7213e+06
-1.65146e+06
-1.64803e+06
-1.60013e+06
-1.59725e+06
-1.59517e+06
-1.5919e+06
-1.58699e+06
-1.564e+06
-1.55177e+06
-1.54484e+06
-1.53186e+06
-1.50731e+06
-1.47239e+06
-1.46515e+06
-1.4634e+06
-1.44605e+06
-1.44287e+06
-1.43008e+06
-1.41898e+06
-1.39372e+06
-1.38952e+06
-1.38337e+06
-1.38138e+06
-1.37279e+06
-1.36441e+06
-1.35802e+06
-1.34209e+06
-1.34133e+06
-1.33679e+06
-1.26821e+06
-1.2522e+06
-1.22838e+06
-1.22597e+06
-1.19235e+06
-1.17857e+06
-1.13575e+06
-1.13168e+06
-1.12482e+06
-1.12261e+06
-1.10383e+06
-1.09545e+06
-1.06881e+06
-1.06305e+06
-1.04412e+06
-1.02552e+06
-1.02509e+06
-1.02366e+06
-1.01682e+06
-1.01366e+06
-985678
-971356
-958839
-954460
-950487
-917608
-896611
-886687
-874265
-871288
-868530
-865063
-848874
-844496
-843138
-842159
-825480
-814437
-806736
-802898
-778171
-771429
-767024
-767006
-747805
-729950
-716693
-715706
-715276
-713066
-670503
-669503
-664532
-651773
-651280
-648630
-648592
-644655
-639925
-625193
-598530
-595970
-595356
-589887
-585334
-584167
-580984
-568264
-564910
-550557
-542509
-539074
-535889
-535293
-523019
-503119
-500859
-496525
-484563
-481548
-480260
-466514
-453894
-449942
-444998
-439868
-433876
-432097
-423437
-417433
-414457
-412210
-410366
-403760
-399305
-392337
-391728
-391019
-389740
-383264
-381078
-377775
-376646
-374930
-374224
-369177
-366819
-365614
-358800
-358351
-356569
-351054
-350523
-350197
-337399
-336754
-335929
-318451
-315306
-313443
-298492
-297882
-294501
-292190
-282166
-278562
-277470
-277361
-276091
-276061
-271930
-271887
-271403
-266696
-265139
-263862
-246264
-238901
-238558
-235527
-231629
-231009
-225699
-220001
-212580
-196578
-196192
-189490
-189077
-187699
-185180
-181764
-179853
-177106
-175233
-170645
-168308
-165367
-162376
-160315
-157483
-151839
-150749
-148998
-147950
-144178
-142451
-141210
-138406
-137956
-136225
-132421
-132204
-131837
-130588
-129175
-128955
-128936
-128878
-125346
-122885
-122595
-122228
-121524
-121035
-120345
-119701
-119188
-118849
-118075
-117358
-115647
-115540
-114731
-113039
-112007
-111856
-110903
-109677
-107694
-106880
-105385
-105232
-105208
-104853
-104115
-103722
-102780
-102326
-100630
-100133
-98867.3
-98458.9
-96400
-95429.9
-95236.4
-95123.4
-93880.1
-92051.4
-90147.4
-90129.7
-90129.6
-89083.9
-87466
-86920
-85915.2
-85458.4
-85160.9
-84717.5
-82906
-81570.8
-81316.4
-80951
-77489.1
-77412
-77222.3
-76586.4
-75292.5
-74506.2
-73654
-73208.6
-72350.7
-70698.3
-69431.5
-69063.3
-68902.6
-68645.2
-68226.5
-66445.2
-66091.2
-65879.5
-63655
-63296.4
-62900.8
-62146.4
-62002.5
-61649.3
-59633.7
-58848.2
-58691.2
-57100.6
-56652.1
-56323.4
-55677.4
-55404.6
-54986.4
-54445.2
-51765.3
-51529.5
-51524.2
-51301.2
-50176.7
-49955.9
-49802
-49527.7
-48240.7
-47867.3
-46994.3
-45174.7
-44433.3
-44337
-43696.8
-43595.9
-42722.9
-42650.4
-42360.7
-42292.1
-41406.2
-41266.2
-40771.9
-39570.3
-39569.5
-39256.6
-38697.8
-38540.8
-38507.5
-38182.4
-38145.8
-37330.5
-36940
-36630.5
-36188.8
-35650.3
-35121.3
-34725.2
-34162.8
-33921.3
-33868.6
-33664.8
-32998.4
-32979.7
-32757
-32448.4
-32191.8
-32177.8
-31774.2
-31733.5
-31615.8
-31595.1
-31418.4
-31220.8
-31080.8
-30904.1
-30730.3
-30637.2
-30572.4
-29452.8
-29070.4
-28987.2
-28952.4
-28929.6
-28768.2
-28743.9
-28453.5
-28211.2
-28189.8
-27351.4
-27227.2
-27159.7
-27146.8
-26814.8
-26362.1
-26026.9
-25643.3
-24639.7
-24556.1
-24527.1
-24463.8
-24207.7
-24096.7
-23811.1
-23692.1
-23675.8
-23651.7
-23628.3
-23613.2
-23492.9
-23288.1
-23281.6
-23031.2
-22867.1
-22755.1
-22537.9
-22456.9
-22373.2
-22335.3
-22245.8
-22141
-22067.4
-22028.5
-21756.6
-21712.5
-21631.3
-21358.7
-21098.9
-21004.3
-20806
-20777.6
-20762.6
-20742.1
-20627.1
-20620.2
-20182.2
-20160.2
-19840.7
-19834.2
-19639.6
-19529
-19372.9
-19356.9
-19328
-19013.2
-18966.6
-18934.7
-18754.9
-18739.2
-18228
-18120.4
-17728.4
-17723.2
-17588.1
-17419.6
-17398.8
-17302.6
-17271
-17111.9
-16758.6
-16301.2
-16141.6
-16126.7
-15926.3
-15744.9
-15467.9
-15415.3
-15403.9
-15270.8
-15261.8
-15218.7
-15034.8
-14811.2
-14669.4
-14616
-14430.4
-14330.8
-14283.7
-14189.2
-14115
-13983.2
-13905.5
-13790.2
-13551.9
-13393.3
-13282.4
-13207.5
-12950.5
-12857.5
-12786.7
-12721.1
-12621.7
-12369.9
-12241.3
-12107.4
-11966.5
-11919.5
-11916
-11898.9
-11838.2
-11773.1
-11568.7
-11523.8
-11442.8
-11341.8
-11305.9
-11181.7
-11167.5
-11103.2
-11007.6
-10956.7
-10877.9
-10830
-10827.6
-10799.6
-10787.4
-10746.8
-10741.6
-10718.4
-10630.7
-10612.7
-10578.8
-10425.8
-10308
-10284.2
-10231
-10227.9
-10162
-10143.2
-10070.7
-10014.6
-9958.49
-9829.48
-9785.69
-9599.68
-9586.43
-9560.86
-9479.36
-9422.38
-9332.97
-9309.36
-9287.03
-9080.99
-9062.6
-8997.76
-8924.47
-8912.56
-8905.14
-8820.38
-8781.16
-8720.43
-8632.84
-8617.11
-8530.94
-8459.87
-8401.6
-8338.9
-8328.09
-8273.47
-8235.04
-8084.74
-8066.12
-8065.65
-8043.53
-7954.01
-7890.67
-7761.48
-7737.33
-7602.8
-7480.69
-7472.08
-7442.58
-7441.13
-7338.3
-7307.32
-7306.05
-7108.2
-6982.77
-6914.13
-6894.91
-6880.2
-6853.6
-6688.19
-6564.09
-6536.56
-6527.14
-6476.08
-6382.63
-6371.28
-6331.42
-6288.38
-6246.68
-6220.02
-6214.62
-6163.87
-6123.81
-6108.34
-6059.47
-6057.43
-5982.23
-5953.19
-5911.93
-5857.41
-5848.09
-5816.01
-5764.43
-5746.07
-5572.93
-5516.73
-5500.57
-5497.3
-5467.46
-5317.77
-5277.64
-5250.84
-5245.71
-5184.96
-5148
-5087.19
-5078.8
-4998.6
-4947.21
-4938.44
-4896.15
-4883.52
-4622.45
-4590.91
-4564.92
-4509.49
-4500.82
-4450.54
-4418.35
-4336.19
-4240.56
-4236.67
-4174.07
-4171.77
-4142.54
-4134.73
-4128.97
-4107.28
-4102.17
-3950.28
-3915.52
-3914.55
-3869.07
-3803.19
-3777.97
-3730.91
-3700.26
-3694.46
-3684.27
-3679.67
-3670.15
-3641.49
-3634.12
-3627.21
-3592.1
-3570.04
-3483.8
-3446.12
-3436.02
-3435.92
-3435.02
-3397.15
-3390.97
-3302.15
-3281.71
-3221.82
-3157.61
-3142.63
-3117.65
-3095.26
-3040.97
-3028.8
-3004.1
-2964.86
-2963.94
-2931.39
-2768.1
-2722.5
-2711.35
-2666.59
-2652.82
-2633.09
-2603.25
-2550.13
-2547.62
-2540.39
-2518.12
-2507.63
-2451.24
-2442.41
-2434.04
-2412.52
-2313.52
-2307.78
-2291.14
-2288.68
-2283.11
-2270.57
-2267.89
-2207.01
-2140.19
-2135.52
-2131.44
-2111.76
-2102.77
-2100.62
-2073.6
-2062.22
-2040.63
-2026.6
-1994.59
-1967.39
-1956.9
-1908.58
-1888.5
-1857.67
-1854.88
-1830.65
-1792.89
-1782.83
-1779.91
-1769.69
-1735.79
-1733.28
-1724.87
-1705.34
-1695.76
-1679.32
-1672.33
-1669.05
-1650.84
-1647.42
-1628.15
-1618.88
-1593.31
-1583.13
-1565.15
-1563.27
-1557.48
-1555.2
-1551.14
-1532.28
-1523.69
-1521.52
-1505.58
-1497.47
-1475.95
-1474.93
-1471.65
-1470.22
-1465.02
-1462.99
-1438.32
-1430.03
-1428.06
-1422.27
-1419.21
-1415.69
-1409.21
-1372.41
-1370.03
-1368.83
-1367.57
-1364.27
-1364.19
-1362.89
-1359.6
-1346.97
-1332.59
-1330.42
-1318.87
-1299.37
-1283.73
-1261.38
-1259.46
-1255.19
-1247.85
-1231.05
-1206.96
-1192.95
-1185.74
-1165.21
-1163.87
-1154.98
-1153.75
-1144.76
-1141.45
-1141.15
-1136.66
-1132.06
-1124.25
-1099.78
-1086.85
-1062.37
-1039.49
-1023.16
-1020.69
-1018.84
-1017.07
-1008.15
-1006.13
-1005.46
-993.476
-985.455
-982.542
-971.91
-962.388
-959.466
-958.416
-957.305
-953.603
-943.88
-943.675
-942.03
-935.191
-927.726
-917.718
-917.707
-909.04
-908.786
-900.238
-899.196
-897.384
-890.782
-889.325
-867.241
-864.956
-862.357
-859.269
-847.333
-846.577
-845.882
-843.202
-835.219
-833.141
-831.191
-828.815
-827.291
-819.539
-814.471
-805.352
-789.652
-785.465
-783.131
-777.669
-776.864
-757.585
-750.243
-726.467
-718.637
-695.535
-694.966
-677.549
-675.775
-674.234
-672.705
-672.635
-672.184
-640.385
-639.714
-639.266
-638.923
-636.124
-635.416
-631.599
-623.553
-620.98
-619.553
-612.825
-608.636
-606.363
-604.88
-599.359
-598.736
-597.934
-595.055
-592.304
-591.523
-588.909
-586.104
-584.887
-584.416
-584.029
-581.853
-576.148
-575.752
-559.088
-556.35
-523.416
-518.835
-518.433
-516.531
-513.173
-509.999
-506.834
-506.533
-505.666
-505.269
-505.253
-495.894
-494.56
-492.182
-491.502
-490.399
-483.03
-479.416
-471.884
-470.887
-465.52
-455.145
-454.381
-451.18
-448.682
-445.776
-444.601
-437.13
-435.933
-435.582
-434.074
-431.743
-431.489
-430.136
-430.005
-429.353
-416.106
-411.112
-410.18
-410.063
-409.573
-408.499
-397.008
-392.477
-391.912
-389.161
-386.403
-381.947
-380.778
-380.601
-379.539
-378.708
-375.628
-375.43
-372.778
-363.069
-362.493
-359.142
-355.146
-354.443
-350.034
-348.833
-344.284
-336.597
-335.59
-324.426
-324.35
-323.863
-322.248
-320.137
-315.999
-314.469
-310.563
-309.708
-308.691
-305.946
-305.661
-304.45
-293.303
-287.134
-286.675
-283.981
-281.578
-275.132
-273.064
-271.784
-258.937
-258.063
-253.4
-250.465
-245.173
-244.487
-232.407
-230.884
-230.392
-227.187
-223.521
-215.995
-214.79
-205.879
-204.661
-203.145
-202.28
-200.787
-200.431
-188.24
-186.651
-182.412
-178.851
-175.852
-175.117
-173.636
-170.475
-164.276
-163.722
-159.699
-158.912
-157.386
-156.558
-156.336
-152.937
-152.368
-151.645
-149.826
-147.571
-140.277
-139.448
-137.827
-135.766
-133.151
-129.957
-129.352
-129.165
-119.744
-114.852
-108.404
-107.642
-107.424
-106.58
-105.844
-97.7028
-97.0693
-93.735
-93.1296
-89.6138
-78.213
-78.1985
-77.9666
-77.6282
-77.5805
-75.0142
-74.1432
-72.4229
-71.9355
-71.2803
-69.0566
-65.2949
-64.7627
-64.0125
-62.102
-58.5368
-57.2988
-54.8746
-54.1343
-49.7334
-49.0498
-45.2222
-43.1258
-42.7826
-41.9628
-38.413
-38.0368
-36.7405
-36.2008
-30.0128
-29.7994
-28.9498
-24.3747
-24.2342
-20.9151
-20.5933
-19.6303
-19.0641
-18.7283
-18.6476
-16.4794
-15.4057
-15.2985
-12.5358
-11.5238
-10.9874
-5.24089
-2.26703
-1.73894
-1.69546
-0.987156
0.520922
2.78252
5.09341
5.7276
5.73518
6.34403
7.33743
8.44169
17.0854
20.9469
21.9987
22.1598
26.1561
27.2752
30.5727
31.3913
38.7727
40.3413
41.3327
43.7104
47.1383
48.2126
50.0493
51.0881
53.0054
53.7875
55.9736
61.2997
63.6124
64.462
65.5422
67.9233
68.5573
74.286
77.9396
79.1066
80.1257
83.8519
84.4206
85.7839
87.9884
88.013
89.5915
90.8409
92.7378
93.2948
94.5187
94.7552
96.1353
98.3341
99.0499
102.345
103.005
105.531
105.946
106.429
106.965
109.629
112.792
113.156
117.094
117.14
117.342
118.054
120.621
124.752
126.656
128.708
130.687
130.859
131.59
134.186
134.66
135.79
135.808
138.461
138.464
139.176
139.293
141.565
142.342
144.301
144.357
150.199
151.928
153.359
154.48
154.483
155.057
155.987
156.586
160.006
161.437
162.574
162.593
162.642
163.225
164.776
165.508
165.691
165.956
168.771
168.796
170.543
172.101
172.155
172.583
173.229
173.281
177.77
180.155
181.163
183.63
184.245
185.678
185.722
187.006
188.504
189.618
190.276
191.639
194.785
197.822
198.27
201.743
202.115
202.378
203.842
205.074
205.615
207.226
208.151
208.941
211.434
211.793
211.942
213.534
214.081
215.599
215.882
216.529
216.797
217.928
218.596
219.053
219.63
220.342
220.785
221.172
223.479
223.937
224.208
224.233
224.252
225.994
226.776
227.665
228.446
229.312
229.668
229.862
231.051
231.739
232.015
232.616
233.245
233.481
234.167
234.244
234.685
235.384
235.91
236.274
236.55
236.637
236.897
238.029
239.279
239.408
239.459
240.029
240.301
240.632
241.058
241.199
241.668
243.09
243.696
245.034
245.304
247.309
247.388
247.756
249.287
249.674
249.967
251.451
252.426
253.49
253.656
253.893
254.714
255.053
255.669
255.944
256.293
256.427
256.624
256.789
256.842
257.138
257.221
257.465
257.572
257.884
257.958
258.379
261.376
261.675
261.824
262.155
262.163
262.598
262.711
263.462
264.185
264.226
264.327
264.892
265.396
265.689
267.061
267.164
267.564
268.767
269.771
271.354
271.798
271.809
272.152
272.343
272.389
273.127
273.215
273.263
273.616
274.591
274.741
275.174
275.421
275.464
275.756
275.934
276.145
276.289
276.504
276.88
277.041
277.251
277.592
277.83
278.157
278.238
278.336
279.171
280.638
281.134
281.182
281.423
282.182
282.51
282.843
283.264
284.734
284.884
285.085
285.241
286.608
287.164
287.442
287.504
287.599
287.935
288.136
288.454
288.993
289.247
289.329
289.701
289.743
289.846
290.057
290.391
291.192
291.298
291.358
291.656
292.006
292.357
292.53
293.378
293.441
293.585
294.475
294.779
295.505
295.606
296.064
296.673
297.153
297.181
298.304
298.403
298.656
298.924
298.939
299.205
299.687
299.716
299.878
300.367
300.862
300.987
301.31
301.478
301.6
301.857
301.905
302.072
302.42
303.062
303.396
303.536
303.551
303.803
305.112
305.139
305.344
306.56
306.77
307.195
307.252
307.983
308.703
309.105
309.666
309.68
310.174
310.194
310.845
311.479
311.815
313.003
313.424
314.732
315.194
315.316
315.575
315.816
316.059
316.603
316.653
317.3
317.316
317.56
318.172
319.391
319.776
320.052
320.15
320.676
320.844
321.273
321.61
321.816
321.919
322.186
322.257
322.527
322.583
323.051
323.409
323.458
323.51
323.697
324.271
324.636
324.705
324.9
325.206
325.776
325.979
325.981
326.222
326.653
326.709
326.734
326.806
327.86
329.518
329.674
330.152
330.415
331.035
331.04
331.062
331.263
331.341
331.41
331.477
331.647
331.741
331.752
331.817
331.893
332.541
332.7
333.064
333.363
333.685
333.701
334.181
334.245
334.343
334.402
334.505
335.017
335.065
335.572
335.574
335.685
335.903
335.914
336.01
336.138
336.381
336.532
336.878
336.936
337.298
337.382
337.5
337.523
337.673
337.928
338.038
338.157
338.18
338.467
338.628
338.66
339.125
339.165
339.571
339.906
340.379
340.484
340.69
340.936
341.533
341.779
342.866
342.98
343.509
343.622
343.727
343.968
344.049
344.058
344.252
344.289
344.477
344.509
344.543
344.835
344.997
345.222
345.775
346.095
346.193
346.387
346.634
346.822
346.86
347.024
347.095
347.229
348.01
348.088
348.183
348.336
348.468
348.61
348.777
349.323
349.397
349.635
349.648
349.727
349.729
349.862
350.008
350.141
350.313
350.549
350.83
351.028
351.127
351.167
351.188
351.211
351.277
351.357
351.368
351.402
351.51
351.618
351.625
351.703
351.706
351.712
351.834
352.083
352.085
352.157
352.188
352.302
352.309
352.355
352.425
352.453
352.492
352.583
352.599
352.682
352.763
352.775
353.078
353.318
353.372
353.451
353.501
353.512
353.537
353.625
353.692
353.695
353.733
353.748
353.789
353.838
353.915
353.985
354.051
354.158
354.163
354.17
354.188
354.207
354.214
354.27
354.279
354.359
354.699
354.753
354.859
354.889
354.941
355.004
355.05
355.285
355.33
355.38
355.435
355.466
355.482
355.552
355.663
355.677
355.706
355.841
355.854
356.139
356.204
356.408
356.414
356.424
356.502
356.586
356.639
356.681
356.957
357.024
357.069
357.165
357.167
357.172
357.269
357.281
357.571
357.635
357.664
357.692
357.764
357.832
357.957
358.111
358.113
358.143
358.232
358.242
358.261
358.336
358.373
358.403
358.591
358.608
358.612
358.639
358.653
358.704
358.768
358.788
358.949
359.025
359.069
359.137
359.231
359.25
359.271
359.307
359.465
359.474
359.514
359.516
359.517
359.532
359.576
359.664
359.677
359.703
359.706
359.721
359.745
359.876
359.881
359.955
360.142
360.208
360.242
360.309
360.334
360.342
360.365
360.378
360.403
360.411
360.438
360.441
360.644
360.697
360.702
360.729
360.754
360.764
360.81
360.843
360.864
360.899
360.976
361.109
361.14
361.266
361.28
361.307
361.35
361.368
361.393
361.397
361.496
361.528
361.533
361.544
361.601
361.642
361.644
361.654
361.654
361.68
361.762
361.799
361.806
361.828
361.832
361.898
361.971
361.975
361.976
361.983
362.033
362.056
362.129
362.141
362.181
362.195
362.197
362.233
362.262
362.296
362.334
362.364
362.383
362.435
362.45
362.46
362.47
362.504
362.524
362.531
362.543
362.553
362.561
362.572
362.623
362.632
362.64
362.656
362.679
362.685
362.686
362.723
362.778
362.783
362.824
362.872
362.873
362.895
362.92
362.977
363.061
363.107
363.173
363.194
363.204
363.209
363.244
363.283
363.327
363.328
363.381
363.418
363.457
363.546
363.551
363.551
363.557
363.567
363.57
363.583
363.597
363.604
363.626
363.648
363.674
363.733
363.816
363.842
363.846
363.885
363.913
363.944
363.963
364.026
364.041
364.12
364.123
364.237
364.26
364.31
364.333
364.34
364.347
364.35
364.372
364.375
364.388
364.403
364.403
364.411
364.42
364.494
364.505
364.514
364.518
364.53
364.537
364.548
364.552
364.571
364.605
364.627
364.662
364.715
364.754
364.768
364.8
364.858
364.868
364.912
364.934
364.956
364.97
365.029
365.03
365.043
365.126
365.13
365.146
365.165
365.193
365.21
365.294
365.301
365.334
365.371
365.374
365.45
365.46
365.467
365.509
365.531
365.544
365.55
365.607
365.615
365.651
365.653
365.726
365.741
365.747
365.774
365.778
365.784
365.805
365.868
365.871
365.933
365.94
365.962
365.976
366.021
366.032
366.052
366.058
366.065
366.073
366.114
366.125
366.126
366.167
366.192
366.211
366.223
366.286
366.294
366.311
366.329
366.336
366.343
366.363
366.398
366.401
366.422
366.443
366.468
366.471
366.477
366.479
366.485
366.535
366.558
366.562
366.575
366.644
366.665
366.693
366.726
366.759
366.786
366.872
366.899
366.902
366.907
367.031
367.032
367.065
367.1
367.101
367.111
367.113
367.114
367.149
367.255
367.287
367.33
367.337
367.377
367.381
367.39
367.421
367.462
367.49
367.512
367.53
367.537
367.552
367.57
367.599
367.608
367.624
367.625
367.65
367.653
367.665
367.715
367.722
367.724
367.725
367.732
367.752
367.774
367.813
367.815
367.829
367.84
367.849
367.878
367.891
367.92
367.961
367.995
368.003
368.008
368.027
368.04
368.044
368.051
368.06
368.09
368.111
368.125
368.146
368.149
368.155
368.207
368.207
368.23
368.236
368.244
368.247
368.268
368.27
368.301
368.314
368.359
368.368
368.369
368.369
368.369
368.387
368.391
368.419
368.441
368.442
368.462
368.491
368.577
368.58
368.616
368.625
368.637
368.644
368.648
368.654
368.678
368.706
368.716
368.721
368.744
368.75
368.763
368.766
368.797
368.807
368.815
368.884
368.945
368.956
368.984
369.033
369.07
369.07
369.078
369.094
369.12
369.142
369.171
369.188
369.207
369.225
369.248
369.258
369.268
369.282
369.318
369.342
369.368
369.377
369.407
369.411
369.487
369.489
369.525
369.54
369.557
369.561
369.564
369.571
369.584
369.585
369.589
369.593
369.62
369.713
369.723
369.729
369.762
369.77
369.781
369.782
369.785
369.789
369.82
369.824
369.841
369.857
369.89
369.895
369.911
369.922
369.975
369.977
369.993
370.025
370.026
370.026
370.057
370.087
370.094
370.104
370.105
370.131
370.138
370.142
370.146
370.246
370.255
370.26
370.279
370.306
370.313
370.318
370.327
370.345
370.349
370.354
370.357
370.37
370.375
370.384
370.39
370.404
370.414
370.416
370.43
370.438
370.442
370.458
370.505
370.509
370.51
370.537
370.555
370.557
370.617
370.631
370.639
370.659
370.684
370.696
370.707
370.708
370.722
370.745
370.761
370.782
370.787
370.844
370.848
370.864
370.879
370.879
370.88
370.881
370.9
370.901
370.932
370.934
370.977
370.98
371.009
371.029
371.044
371.053
371.065
371.067
371.084
371.129
371.129
371.139
371.143
371.144
371.165
371.191
371.204
371.244
371.253
371.255
371.285
371.29
371.295
371.301
371.307
371.313
371.32
371.322
371.356
371.376
371.381
371.389
371.406
371.442
371.443
371.462
371.496
371.499
371.533
371.541
371.542
371.556
371.574
371.58
371.581
371.581
371.589
371.591
371.599
371.602
371.611
371.615
371.619
371.626
371.638
371.639
371.644
371.646
371.657
371.672
371.693
371.706
371.719
371.723
371.783
371.789
371.799
371.808
371.821
371.843
371.851
371.863
371.878
371.888
371.889
371.895
371.912
371.937
371.946
371.95
371.967
371.986
372.013
372.067
372.073
372.093
372.1
372.103
372.117
372.133
372.182
372.185
372.201
372.222
372.231
372.231
372.246
372.248
372.252
372.257
372.277
372.29
372.295
372.301
372.307
372.308
372.317
372.328
372.371
372.418
372.422
372.426
372.437
372.443
372.448
372.475
372.479
372.5
372.503
372.51
372.513
372.522
372.532
372.567
372.59
372.597
372.603
372.614
372.635
372.664
372.667
372.669
372.678
372.686
372.708
372.735
372.738
372.743
372.757
372.757
372.809
372.826
372.835
372.846
372.858
372.869
372.873
372.875
372.888
372.894
372.896
372.902
372.909
372.916
372.943
372.952
372.96
372.968
372.97
372.987
372.993
372.994
373.002
373.002
373.008
373.01
373.045
373.05
373.053
373.056
373.059
373.076
373.08
373.08
373.105
373.136
373.137
373.146
373.156
373.204
373.21
373.219
373.224
373.229
373.232
373.232
373.241
373.243
373.247
373.249
373.272
373.274
373.277
373.308
373.311
373.318
373.366
373.369
373.371
373.376
373.377
373.408
373.44
373.445
373.463
373.466
373.479
373.483
373.497
373.499
373.513
373.517
373.518
373.53
373.551
373.559
373.574
373.576
373.58
373.608
373.616
373.627
373.629
373.641
373.644
373.652
373.655
373.669
373.679
373.69
373.691
373.698
373.699
373.726
373.734
373.738
373.739
373.751
373.752
373.755
373.756
373.761
373.775
373.784
373.787
373.789
373.79
373.794
373.798
373.802
373.811
373.812
373.813
373.815
373.816
373.83
373.843
373.852
373.872
373.88
373.906
373.92
373.925
373.927
373.95
373.958
373.99
373.99
373.995
373.996
374.005
374.006
374.019
374.021
374.025
374.033
374.038
374.048
374.053
374.07
374.073
374.075
374.079
374.083
374.085
374.102
374.107
374.107
374.108
374.114
374.12
374.121
374.123
374.139
374.147
374.156
374.168
374.169
374.174
374.178
374.19
374.202
374.202
374.203
374.205
374.209
374.212
374.224
374.225
374.228
374.235
374.237
374.251
374.252
374.253
374.255
374.258
374.263
374.266
374.268
374.269
374.271
374.273
374.277
374.279
374.279
374.283
374.285
374.291
374.291
374.292
374.295
374.299
374.3
374.308
374.313
374.314
374.315
374.318
374.319
374.32
374.326
374.336
374.343
374.367
374.367
374.368
374.373
374.375
374.376
374.377
374.382
374.382
374.382
374.385
374.386
374.392
374.394
374.397
374.397
374.398
374.403
374.407
374.413
374.422
374.423
374.424
374.424
374.426
374.429
374.431
374.434
374.437
374.44
374.447
374.453
374.453
374.457
374.46
374.465
374.465
374.473
374.482
374.486
374.489
374.495
374.498
374.499
374.501
374.501
374.502
374.508
374.511
374.515
374.517
374.519
374.52
374.525
374.529
374.531
374.532
374.535
374.539
374.543
374.546
374.55
374.551
374.553
374.557
374.566
374.567
374.567
374.568
374.57
374.572
374.573
374.578
374.58
374.583
374.584
374.591
374.592
374.593
374.596
374.6
374.6
374.604
374.607
374.607
374.611
374.611
374.613
374.615
374.617
374.618
374.618
374.621
374.623
374.623
374.628
374.63
374.63
374.631
374.632
374.632
374.633
374.634
374.634
374.635
374.635
374.638
374.639
374.64
374.641
374.641
374.642
374.642
374.642
374.643
374.643
374.643
374.643
374.644
374.644
374.645
374.645
374.645
374.645
374.646
374.647
374.647
374.648
374.648
374.648
374.649
374.649
374.654
374.659
374.718
374.73
374.775
375.751
375.962
376.55
378.421
379.92
380.297
380.913
381.139
381.986
382.886
384.362
384.606
385.039
390.01
390.452
391.95
392.26
392.458
392.922
393.502
394.567
398.607
404.429
405.257
405.674
406.752
408.408
408.782
410.246
412.039
415.347
429.384
432.169
433.88
443.658
453.699
458.056
465.937
472.292
497.642
506.265
618.254
