-inf
-inf
-inf
-1.797693135e+308
-1.797693135e+308
-1.797693135e+308
-1.797693135e+308
-237467498.9
-108756346.4
-86332447.16
-85750422.14
-84606871.89
-83025395.82
-82819517.77
-81083677.47
-80809632.04
-80679941.02
-80340915.33
-79034980.11
-77570977.29
-76625334.47
-76087192.37
-75843718.61
-75113837.51
-74587420.8
-74056397.13
-73799924.72
-73672463.82
-72682345.3
-71967212.58
-70912131.79
-70722405.69
-70080943.53
-69657065.36
-68964395.43
-68650902.05
-68501942.49
-67794590.63
-65851853.54
-64683206.11
-64225007.19
-62510001.17
-62008669.38
-60107055.16
-57567013.75
-57371036.04
-57217636.06
-56510636.75
-55459924.01
-54928251.33
-54547964.58
-54378268.53
-53652340.63
-52320780.31
-51734897.78
-49763918.3
-49569185.75
-49152957.27
-48570699.46
-47934055.61
-47242989.29
-46799259.14
-44639346.38
-44623006.65
-44269705.53
-43912564.06
-42823826.91
-42790576.42
-42467401.87
-41893185.33
-40518433.66
-39605060.85
-39580721.99
-38715959.15
-38380028.97
-38138758.84
-37238716.14
-36997422.07
-35113945.03
-34010558.82
-33568164.28
-33118365.49
-32832390.59
-32781579.12
-32666254.94
-32581837.92
-32375300.13
-29743152.6
-29364488.13
-29161913.03
-28921536.44
-28889644.58
-28885692.84
-28860154.87
-27781344.5
-27340372.47
-26268984.41
-26025788.18
-25735128.88
-25544267.96
-25497598.12
-25230889.55
-25086230.77
-25034454.4
-24310870.92
-24202942.01
-23684265.53
-23626104.47
-22644157.79
-22305467.68
-21747662.7
-21179270.76
-20804479.68
-19752968.05
-18683909.4
-18353195.45
-18254138.73
-18205396.04
-16970319.68
-16347790.69
-16301167.53
-16062578.66
-16047149.76
-15334299.48
-15150320.42
-15091808.13
-14961655.76
-14702018.64
-14676626.96
-14291804.8
-13998282.66
-13973598.65
-13638573.45
-13566157.64
-13538407.32
-13275584.97
-13178704.02
-13175392.53
-13051412.92
-12453010.8
-12256352.84
-12149351.64
-12007563.65
-11975823.71
-11853597.55
-11646924.73
-11604795.64
-11492690.32
-11477919.68
-11371071.14
-11311442.39
-11221515.73
-11185443.32
-11041802.5
-10928786.61
-10699181.71
-10460979.61
-10395457.32
-10197575.66
-10082942.44
-10008051.34
-9770791.262
-9549750.419
-9153669.501
-9081560.572
-9042654.136
-8823606.847
-8785643.027
-8771827.893
-8768429.196
-8727974.704
-8695296.29
-8651998.263
-7731896.062
-7730281.892
-7339431.606
-7286023.86
-7225864.993
-7209008.827
-7192925.849
-7187109.536
-6801661.802
-6735947.154
-6530394.14
-6525132.894
-6503139.802
-6477481.103
-6336343.346
-6303266.4
-6220593.08
-6135442.148
-6133860.038
-5981674.056
-5960018.141
-5933876.692
-5795475.651
-5682063.814
-5631612.501
-5629636.733
-5565292.604
-5469256.685
-5453847.496
-5453256.792
-5374441.798
-5353115.058
-5350719.262
-5301957.316
-5273151.195
-5244357.12
-5022504.48
-4993283.574
-4910700.827
-4869567.537
-4859406.321
-4835449.383
-4823462.8
-4793059.751
-4723814.462
-4633004.179
-4547832.932
-4531801.516
-4312574.713
-4129478.452
-4099821.638
-3993272.429
-3993219.152
-3894281.461
-3833011.883
-3797833.2
-3769306.937
-3663836.951
-3554306.028
-3508220.864
-3455919.435
-3444049.893
-3403026.084
-3402238.671
-3397746.982
-3379977.682
-3348094.439
-3224269.732
-3185992.007
-3138271.458
-3078922.993
-3075111.304
-3031785.085
-3027646.938
-3019933.18
-3006670.874
-2938518.862
-2909626.993
-2906247.947
-2900630.286
-2861519.209
-2850543.808
-2843573.593
-2757171.922
-2696573.065
-2695222.804
-2649010.915
-2640217.969
-2622359.725
-2584141.231
-2544872.121
-2540893.323
-2532312.318
-2449987.804
-2422104.319
-2398881.055
-2372442.421
-2330320.498
-2301053.951
-2276382.655
-2205809.727
-2158107.017
-2156054.123
-2155710.334
-2122115.843
-2087592.424
-2081700.36
-2051818.903
-2048752.5
-2007690.232
-2000725.101
-1931453.763
-1917512.543
-1851288.261
-1849904.52
-1838737.868
-1765301.903
-1751709.273
-1747221.438
-1744712.408
-1731302.266
-1722754.955
-1721300.974
-1651460.439
-1648025.569
-1600125.756
-1597251.705
-1595171.48
-1591900.833
-1586986.089
-1563997.436
-1551766.957
-1544839.705
-1531864.358
-1507311.928
-1472385.209
-1465153.209
-1463402.758
-1446053.792
-1442874.322
-1430079.845
-1418979.868
-1393715.553
-1389523.835
-1383373.776
-1381384.409
-1372791.198
-1364411.677
-1358019.632
-1342090.15
-1341327.911
-1336791.6
-1268214.675
-1252200.505
-1228381.612
-1225968.583
-1192353.683
-1178572.523
-1135754.779
-1131677.383
-1124823.613
-1122609.987
-1103827.639
-1095449.474
-1068807.555
-1063052.29
-1044124.61
-1025519.993
-1025091.138
-1023659.929
-1016823.186
-1013659.613
-985678.4727
-971356.1513
-958839.2634
-954460.4485
-950486.7137
-917608.1928
-896610.7221
-886687.1699
-874265.0967
-871288.4103
-868529.8683
-865062.615
-848873.5309
-844496.3342
-843138.2173
-842159.132
-825480.1753
-814437.2924
-806736.3481
-802898.4255
-778170.5227
-771428.6993
-767024.313
-767005.6064
-747805.1556
-729949.5006
-716692.8391
-715705.5405
-715276.2467
-713065.9677
-670503.0841
-669502.5442
-664531.724
-651773.3213
-651280.3095
-648629.8383
-648592.3047
-644654.9885
-639924.8496
-625192.9048
-598529.9686
-595969.6738
-595355.98
-589886.8931
-585334.4101
-584166.5087
-580983.9406
-568263.6482
-564909.8915
-550556.8294
-542508.7426
-539073.5769
-535888.9475
-535293.1572
-523019.3389
-503119.1286
-500858.8968
-496525.1731
-484562.7483
-481547.8594
-480259.9187
-466513.8248
-453894.2363
-449942.0531
-444998.2071
-439867.8443
-433876.3813
-432097.3412
-423436.9239
-417433.3
-414457.059
-412209.8808
-410366.2021
-403759.7482
-399305.4316
-392336.9958
-391728.2427
-391019.1833
-389739.5737
-383264.3652
-381078.4081
-377774.8464
-376645.5206
-374929.5073
-374224.4008
-369176.7296
-366819.4144
-365613.6689
-358800.3497
-358350.8828
-356569.4342
-351054.2536
-350522.5195
-350197.1265
-337398.575
-336753.6446
-335929.2147
-318451.0698
-315305.5261
-313443.2865
-298492.3165
-297882.1889
-294501.074
-292190.2527
-282165.7056
-278562.0007
-277469.6158
-277360.9103
-276090.5025
-276060.7299
-271929.7089
-271887.4287
-271403.0209
-266696.4295
-265139.1247
-263862.4314
-246263.6423
-238900.565
-238558.4069
-235526.599
-231628.6725
-231009.08
-225699.1192
-220001.2174
-212579.521
-196577.889
-196191.547
-189490.0261
-189076.5816
-187699.4015
-185180.0993
-181764.2879
-179853.0937
-177106.077
-175232.8101
-170644.9394
-168308.0677
-165366.9187
-162375.7707
-160315.3396
-157483.0779
-151838.7695
-150748.9459
-148998.1502
-147949.9798
-144178.2178
-142450.9614
-141209.5808
-138405.8041
-137956.3554
-136225.2986
-132421.3346
-132203.8714
-131837.4025
-130588.4074
-129175.47
-128936.1284
-128878.3734
-122884.6043
-122227.9153
-121524.3761
-121035.0994
-120345.0852
-119701.0024
-119187.9518
-118849.2269
-117357.5726
-115646.8739
-115539.6702
-112006.6828
-104852.9516
-103721.934
-102779.6391
-102325.8462
-95123.41942
-90147.39173
-90129.72634
-89083.9317
-86920.00901
-85458.3908
-85160.87734
-84717.4716
-81316.35328
-77489.08095
-77412.00171
-76586.38292
-70698.26361
-69431.4534
-68645.23101
-65879.48639
-61649.30069
-59633.69483
-58848.218
-57100.6134
-56323.42487
-55677.44325
-55404.60245
-54986.38208
-54445.21205
-51301.23281
-50176.67572
-49802.03888
-49527.70408
-48240.7142
-45174.7447
-44433.28584
-44336.96144
-42722.93147
-41266.23546
-39570.30828
-39569.52024
-39256.56328
-38697.77282
-38182.39225
-38145.75599
-36939.96798
-36188.83275
-34725.19432
-33868.59
-33664.76421
-32998.35929
-31774.21772
-31733.50329
-31595.11402
-31418.37963
-31220.77537
-31080.82527
-30730.32208
-30572.36031
-29070.38125
-28929.63034
-28768.2447
-28743.94893
-27351.38951
-27227.15742
-27159.72158
-27146.82201
-26814.802
-26362.09274
-26026.89823
-25643.25596
-24639.7441
-24527.05103
-24463.77816
-24207.67266
-24096.70691
-23811.12673
-23651.70411
-23288.05773
-22867.05278
-22373.21025
-22335.30123
-22141.00595
-21756.64495
-21631.28682
-21358.71379
-21098.89225
-21004.2759
-20777.62701
-20182.19597
-19840.70561
-19372.88385
-18934.71374
-17728.42733
-17302.63009
-17111.87778
-16758.5723
-15926.34842
-15467.89418
-15270.76887
-15261.82873
-15218.68685
-14616.00411
-14430.36326
-14330.76798
-13551.9158
-13393.31641
-12369.89844
-12241.2927
-12107.39787
-11966.50957
-11915.96479
-11773.10727
-11568.739
-11181.74361
-11167.47373
-10877.91349
-10830.00192
-10746.78926
-10741.59731
-10630.68239
-10612.66888
-10070.73299
-10014.60268
-9958.494819
-9829.480319
-9785.68922
-9599.682157
-9560.858811
-9479.3614
-9332.973273
-9080.994056
-8997.755456
-8912.56068
-8617.10875
-8530.944789
-8273.467338
-8084.742765
-8066.123029
-8065.650618
-7954.014526
-7737.331757
-7602.802058
-7442.577529
-7338.304797
-7307.316542
-7108.200036
-6914.129762
-6894.909789
-6880.198286
-6853.600911
-6688.193956
-6527.137689
-6371.275136
-6331.420854
-6246.678383
-6220.024402
-6214.618523
-5982.226631
-5953.192878
-5816.012877
-5516.730807
-5497.296475
-5467.460376
-5277.640256
-5184.96234
-5078.798257
-4998.598791
-4947.206916
-4938.435782
-4883.524818
-4622.45116
-4590.910012
-4450.544624
-4336.186891
-4240.56274
-4134.732657
-4128.971417
-4107.275847
-3869.070408
-3777.967702
-3730.912708
-3700.263076
-3684.274818
-3670.150193
-3641.490159
-3634.123209
-3592.095829
-3570.042748
-3483.798821
-3436.020676
-3435.023848
-3281.710957
-3157.610832
-3095.258226
-3004.098731
-2931.393402
-2768.10067
-2666.594235
-2550.129696
-2518.118433
-2451.236354
-2434.038096
-2307.775305
-2283.109818
-2267.890542
-2111.763952
-2102.772202
-2100.62216
-2040.627131
-2026.601545
-1956.896143
-1908.582438
-1888.498786
-1830.651403
-1792.890642
-1769.692913
-1735.79055
-1705.343621
-1695.756502
-1647.424103
-1583.12752
-1565.14912
-1563.26623
-1497.474412
-1475.952751
-1465.017497
-1430.030795
-1372.406524
-1332.591059
-1259.455624
-1247.845988
-1163.874595
-1144.758039
-1086.85341
-1062.373153
-1039.492884
-1005.455047
-993.4755594
-971.9096915
-959.4658652
-958.415887
-935.190599
-927.7256541
-917.7183314
-897.3836029
-846.5770655
-845.8824797
-843.2019123
-833.1405122
-805.3523651
-783.1307499
-776.8637237
-677.5494201
-675.7748472
-672.6348818
-640.3846236
-639.2658633
-612.8253419
-597.9341348
-588.9087949
-581.8527583
-556.3496686
-518.8346913
-516.531498
-506.5325199
-505.6655094
-494.5603097
-490.3993114
-471.884451
-470.8873051
-448.6818647
-445.7755591
-435.5818592
-434.0742675
-431.7425853
-429.3530952
-416.1063781
-411.1119805
-409.5728856
-397.0081799
-386.4031538
-381.9465092
-359.1418044
-350.0342582
-344.2840818
-324.3496151
-323.8630593
-322.2479992
-305.6612038
-287.1343263
-273.0644362
-232.4066033
-230.8837761
-223.5206784
-204.661249
-188.2398303
-182.4121336
-158.9121088
-139.4476254
-137.8270996
-119.744286
-107.6417871
-105.8440102
-97.7027909
-89.61384459
-78.21304689
-77.58052107
-75.01424213
-71.93545843
-71.28030402
-69.0565597
-62.10197256
-57.29876701
-54.8745828
-49.0497925
-45.2221636
-36.74054463
-24.23419165
-20.91508159
-20.5933391
-15.29845476
-12.53579203
-10.9874434
-2.26702884
-1.738943194
-0.9871562994
2.782522539
26.15605577
40.34133563
41.33267845
43.71042351
61.29970777
63.61243195
77.93958362
92.73782823
96.13529676
113.1561441
124.7520264
128.7084367
130.8585464
135.8078567
150.1990854
156.5864886
163.2251075
165.9563472
170.5432792
173.2293754
180.1554217
188.5039244
197.8218533
203.8419252
205.0739802
211.7929773
220.3418658
220.7851961
223.9367088
226.7756176
231.7385326
234.1674621
234.2442297
243.0895174
249.6742367
257.1380079
257.4646707
263.4617122
272.343444
273.2631474
275.1735502
276.8803506
278.1566768
279.1706245
280.6382046
284.8836245
285.2407802
287.5043243
287.5991213
289.8463444
292.0064859
293.4413669
294.7790853
295.5049557
296.0642968
296.6730421
301.9051827
303.0621072
303.3960707
303.5507187
315.8160255
317.3003824
321.8158034
326.2222914
327.8599365
329.5178313
330.1515373
331.3407212
331.6474052
331.8165373
343.6215659
344.5092367
345.2221054
348.335665
349.6484366
351.1268921
352.0848099
352.3549532
352.4920753
352.7746092
353.6948303
354.1580974
354.8888776
355.4350984
355.6769003
356.138863
356.5856113
357.1674492
359.1365854
359.2504832
359.2706047
359.6774479
359.9546348
360.3342775
360.3647618
360.976116
361.532826
361.5440733
361.8057445
361.9747961
362.3341205
362.5311681
362.553211
362.5607104
362.5716575
362.6561728
362.684699
362.8953138
363.6735342
363.9125715
364.0257272
364.3474411
365.5305131
366.0315258
366.3634074
366.3977858
367.3902534
367.5124502
367.6242309
368.2359972
368.7055341
369.4868853
369.6204219
369.9930641
370.3450678
370.5051173
370.6590841
370.8999714
371.009428
371.2038954
371.4985214
371.5913086
371.6392961
371.8625444
372.2012326
372.4792537
373.0075223
373.1371165
373.3691725
373.5170946
373.5514792
373.5593659
373.6546848
373.8022009
374.0249827
374.0790285
374.1777356
374.2033061
374.3078916
374.3824208
374.4530041
374.4532402
374.5173701
374.5347331
374.5389459
374.6429555
458.0562074
