359.706037
359.7211353
359.744708
359.8761798
359.8814049
359.9546348
360.1424727
360.2084146
360.2424832
360.3086024
360.3342775
360.3423701
360.3647618
360.3777399
360.4034941
360.4110464
360.4381662
360.4411094
360.6435344
360.6969012
360.7016994
360.7286049
360.753973
360.763754
360.8096525
360.8428541
360.8643712
360.8990588
360.976116
361.1086211
361.1396293
361.2662071
361.2797184
361.3066622
361.3495385
361.3678535
361.3930319
361.3973458
361.4962654
361.5282303
361.532826
361.5440733
361.6009572
361.6422842
361.6438538
361.6535852
361.6539236
361.6796238
361.7620259
361.7987112
361.8057445
361.8276135
361.8319218
361.897941
361.9714917
361.9747961
361.9757578
361.9825434
362.0331779
362.0562717
362.129392
362.1411076
362.1813495
362.1954736
362.1968261
362.2326192
362.2616112
362.2956946
362.3341205
362.3643235
362.3826013
362.4353909
362.4495692
362.4601687
362.4696257
362.5036823
362.5241997
362.5311681
362.5429424
362.553211
362.5607104
362.5716575
362.6234633
362.6324607
362.6397229
362.6561728
362.6792519
362.684699
362.6862234
362.7231194
362.7776402
362.7827661
362.8239618
362.8715915
362.8732108
362.8953138
362.9201105
362.9770157
363.0612732
363.1068159
363.1729311
363.1939389
363.2040404
363.2090067
363.2437731
363.2828121
363.3267623
363.3276382
363.380573
363.4181907
363.456668
363.5456188
363.5510429
363.5514522
363.5568039
363.5670303
363.5697084
363.5829933
363.596544
363.603824
363.6260443
363.6479033
363.6735342
363.7331231
363.8161678
363.8422868
363.8463444
363.8852006
363.9125715
363.9443695
363.9630123
364.0257272
364.0405748
364.1201409
364.1231992
364.236845
364.2601236
364.3102694
364.3332109
364.3397988
364.3474411
364.349732
364.3717384
364.3754809
364.3876074
364.4025901
364.4030708
364.4106353
364.4199521
364.4941985
364.5047399
364.5144516
364.5180189
364.530253
364.5374148
364.5484447
364.5521207
364.5714245
364.6046926
364.626686
364.6620423
364.7153342
364.7541343
364.7676076
364.7995712
364.8577635
364.8679345
364.9124475
364.9340924
364.9557335
364.9695637
365.0286998
365.0300757
365.0426972
365.126241
365.1304555
365.1459134
365.1648784
365.1931383
365.2103841
365.2938039
365.3013879
365.3343619
365.3705202
365.373682
365.4499383
365.4601536
365.466691
365.5085103
365.5305131
365.5441623
365.5498108
365.6072396
365.614641
365.6514294
365.6528949
365.7261872
365.740937
365.747267
365.7742077
365.7777887
365.7842455
365.8049513
365.8677548
365.8711408
365.9325647
365.9404348
365.9616911
365.976479
366.0214896
366.0315258
366.0517304
366.0578703
366.0646669
366.0732413
366.1142558
366.124698
366.1260893
366.1668095
366.1923545
366.2111741
366.2228175
366.2863708
366.2935377
366.3108645
366.3293245
366.3355981
366.343477
366.3634074
366.3977858
366.4013052
366.4221185
366.4433432
366.4681317
366.4708513
366.4767076
366.4794436
366.4846576
366.5347561
366.5583377
366.5619823
366.5746946
366.6439303
366.6649532
366.6926852
366.7261848
366.7589867
366.785886
366.8717622
366.8988328
366.9017388
366.9071846
367.0312958
367.031758
367.0650948
367.1003656
367.1008097
367.1106338
367.1132235
367.1138956
367.1494689
367.2546655
367.2873266
367.329836
367.3365724
367.3772467
367.3806207
367.3902534
367.4209378
367.4622017
367.4897761
367.5124502
367.5296177
367.5372877
367.5521692
367.5704017
367.5989654
367.6079929
367.6242309
367.6248141
367.6503974
367.6527228
367.6651452
367.7147437
367.7216947
367.7244813
367.7253813
367.7318236
367.752387
367.7742843
367.8127847
367.8150812
367.8288603
367.8399141
367.849048
367.8783211
367.8906449
367.9200318
367.9607959
367.9954017
368.0031339
368.0084588
368.0266616
368.0395413
368.0436016
368.0509798
368.0598832
368.0904731
368.1114124
368.1249925
368.1457683
368.1493059
368.1547687
368.2069996
368.2074851
368.2304553
368.2359972
368.2437036
368.24696
368.2683813
368.2695997
368.3010188
368.3143164
368.3594227
368.3678558
368.3687814
368.3691507
368.3693835
368.3867108
368.3908273
368.4186981
368.4413591
368.4421662
368.4621737
368.4910257
368.5770226
368.5803612
368.6162925
368.6251917
368.6370792
368.6439097
368.647522
368.6538928
368.6782838
368.7055341
368.7157452
368.7205036
368.7440508
368.7497561
368.7633255
368.7656355
368.797496
368.8070722
368.8149693
368.8841041
368.9445746
368.9561662
368.9844754
369.0325397
369.0696749
369.0702115
369.0780912
369.0937478
369.1204853
369.1424434
369.1708851
369.1883493
369.2069958
369.2250595
369.2478902
369.2577597
369.2680113
369.2821786
369.3184429
369.3422727
369.367548
369.3765
369.4070682
369.4107051
369.4868853
369.4888157
369.5253925
369.5400917
369.5572502
369.5611945
369.5641514
369.5709125
369.5835569
369.5848772
369.5891255
369.5928455
369.6204219
369.7130304
369.7233874
369.7288012
369.7616938
369.769974
369.7810249
369.7817357
369.7853593
369.7892479
369.8196326
369.8243915
369.8411045
369.8565568
369.8895285
369.8950367
369.9110616
369.9218717
369.9747307
369.9772122
369.9930641
370.0251595
370.0257687
370.026135
370.0572067
370.0873027
370.0937487
370.1039896
370.1050263
370.1307315
370.1380049
370.1420846
370.1460971
370.2458861
370.2552351
370.2598611
370.2785141
370.3056958
370.3130545
370.3176326
370.3268599
370.3450678
370.3490792
370.3540243
370.3567292
370.3703996
370.3754165
370.3835663
370.3898911
370.403597
370.4141834
370.4160857
370.4300796
370.4383924
370.4421282
370.4578395
370.5051173
370.5091274
370.509561
370.5367001
370.5549339
370.5574594
370.6170073
370.6305367
370.6390035
370.6590841
370.6840448
370.6962956
370.707062
370.7079338
370.722128
370.7449576
370.7605098
370.7816521
370.7865692
370.8435501
370.8476899
370.8642243
370.8785938
370.8791346
370.8801769
370.8813745
370.8999714
370.9012587
370.9317387
370.9340428
370.9772349
370.9804136
371.009428
371.0290551
371.0444633
371.0533591
371.0646206
371.0665918
371.0844349
371.1285586
371.1292166
371.1394253
371.1427424
371.1441774
371.1645844
371.1905003
371.2038954
371.2444145
371.2527703
371.2549633
371.285497
371.2896315
371.295069
371.3014876
371.3067725
371.3129806
371.3203171
371.3220352
371.3557195
371.3761609
371.3812761
371.3893714
371.4061747
371.4416749
371.4434194
371.4622088
371.4963646
371.4985214
371.5333265
371.540927
371.5415766
371.5561329
371.5738902
371.5798757
371.5810037
371.5810533
371.5892829
371.5913086
371.5988187
371.6021636
371.6113178
371.6145861
371.6191693
371.6262177
371.6377405
371.6392961
371.6438456
371.6459382
371.65726
371.6722578
371.6933019
371.7055996
371.7188387
371.7228337
371.7834032
371.7890878
371.7991883
371.8082718
371.8211788
371.8434301
371.8506752
371.8625444
371.8780812
371.888433
371.8892252
371.8945732
371.9116324
371.9368397
371.945522
371.9496634
371.9668647
371.9857325
372.0130208
372.067356
372.0733308
372.092764
372.1000142
372.1033883
372.1166893
372.1329189
372.1815606
372.1845211
372.2012326
372.2224139
372.2310156
372.2311143
372.2461916
372.2481953
372.2517778
372.2573935
372.2772811
372.2898155
372.2953763
372.3009616
372.3069975
372.308471
372.3170229
372.3280825
372.3714409
372.4181198
372.4216363
372.4258321
372.4371882
372.4430507
372.4476997
372.475276
372.4792537
372.4996585
372.503043
372.5101996
372.513108
372.5220016
372.5321886
372.5665018
372.5895851
372.5966903
372.6034399
372.6140679
372.6353355
372.6642427
372.6672748
372.6691588
372.6777976
372.6862201
372.707805
372.7345043
372.7377838
372.743159
372.7565052
372.7567426
372.8091258
372.8262815
372.8353919
372.8459675
372.858039
372.8685075
372.8729508
372.8754825
372.8883653
372.8936489
372.8959529
372.9018634
372.9093728
372.9163084
372.9432558
372.952187
372.9603272
372.9678816
372.969908
372.986579
372.9929207
372.9937343
373.0015748
373.0023577
373.0075223
373.0104121
373.0445851
373.0499907
373.0527275
373.0561259
373.0585112
373.0758595
373.0799342
373.0801255
373.1054584
373.1357035
373.1371165
373.1455713
373.1556687
373.2044046
373.2100043
373.2194116
373.2236724
373.2286344
373.2315401
373.2320543
373.2411525
373.2425005
373.2467153
373.2490951
373.2719754
373.2738843
373.2767496
373.3080797
373.3114465
373.3178453
373.3659035
373.3691725
373.3706853
373.3758074
373.3772819
373.4084551
373.4395972
373.445055
373.4631766
373.4660083
373.4788308
373.4830648
373.4965141
373.499322
373.5128417
373.5170946
373.5179329
373.5295659
373.5514792
373.5593659
373.5743679
373.5755824
373.5796447
373.6080113
373.6163474
373.6267021
373.6287014
373.641084
373.64357
373.6521615
373.6546848
373.6691201
373.6794316
373.6902843
373.6912373
373.6984525
373.6992998
373.7258421
373.7338851
373.73835
373.7386608
373.7511789
373.7517034
373.7554932
373.7563301
373.7605428
373.7754745
373.78362
373.7870858
373.789432
373.7902829
373.7941533
373.7977409
373.8022009
373.8105436
373.8124744
373.8134292
373.8149607
373.815566
373.8295426
373.8429796
373.8516397
373.8722264
373.8795438
373.9064523
373.9204174
373.9250275
373.9273383
373.9495424
373.9576052
373.9897491
373.9903287
373.9950617
373.9963112
374.0050358
374.0059305
374.0187213
374.0206811
374.0249827
374.0327327
374.0375649
374.0481298
374.0526431
374.0698121
374.0728336
374.0746791
374.0790285
374.0828749
374.0848291
374.1020612
374.1067745
374.1074075
374.1081425
374.113902
374.120461
374.1214785
374.1230128
374.1389698
374.1472886
374.1560817
374.1682045
374.1688682
374.1736264
374.1777356
374.1900639
374.2020358
374.2021653
374.2033061
374.2050331
374.2086446
374.2119129
374.2244631
374.2253286
374.2277839
374.2345175
374.2370693
374.2510192
374.2519597
374.2530878
374.2546945
374.2584927
374.26325
374.266237
374.2676491
374.26882
374.2711269
374.2728812
374.2767455
374.2785259
374.2786482
374.2830624
374.2851278
374.2910696
374.2914046
374.2917987
374.2952543
374.2989248
374.2996234
374.3078916
374.3128616
374.3142127
374.3148459
374.3176971
374.3194941
374.3197094
374.3258608
374.3362335
374.3425588
374.3666546
374.3667469
374.3682867
374.3730956
374.3750291
374.3759893
374.3773138
374.3820628
374.3821212
374.3824208
374.3852293
374.3861654
374.3919447
374.3941337
374.3965549
374.396804
374.3979177
374.4027074
374.4070466
374.4129339
374.4220646
374.4227821
374.4239736
374.4242393
374.4257115
374.4288798
374.4314439
374.4335596
374.4371577
374.4404777
374.4470968
374.4530041
374.4532402
374.4568757
374.4604339
374.4647758
374.4648726
374.4733968
374.48241
374.4858761
374.4892353
374.4947975
374.497818
374.4987204
374.5012933
374.5014631
374.5018796
374.508479
374.5114556
374.515178
374.5173701
374.5189275
374.5196331
374.5253865
374.5287332
374.530977
374.5323121
374.5347331
374.5389459
374.543117
374.5461674
374.5495778
374.5514063
374.5531528
374.5569359
374.566495
374.566682
374.5671671
374.5683339
374.570024
374.5724053
374.5726669
374.5777908
374.5803749
374.583101
374.5842287
374.5908775
374.5917823
374.5925091
374.5963269
374.600222
374.6002301
374.6040406
374.6069293
374.6072318
374.6107426
374.6112217
374.6127337
374.6148872
374.6168002
374.6177603
374.6181772
374.6205117
374.6229892
374.623065
374.62803
374.6297283
374.6303764
374.6310031
374.6322331
374.6323927
374.6334312
374.6336801
374.6341174
374.6346607
374.6351572
374.6382201
374.6388961
374.6404839
374.6408249
374.6411281
374.6416134
374.6416934
374.6424288
374.6429555
374.643101
374.6432225
374.6433882
374.6436646
374.6438352
374.6446576
374.644775
374.6447935
374.6450948
374.6461668
374.6468989
374.647183
374.6475946
374.647645
374.6483157
374.6485996
374.6489552
374.6542665
374.6594971
374.7177964
374.7301672
374.7745081
375.7508457
375.9621609
376.5497754
378.4214398
379.9199433
380.2970231
380.9131578
381.1386121
381.9862983
382.8861847
384.3620668
384.6063395
385.0393118
390.0104713
390.4520973
391.9502446
392.2595364
392.4580754
392.9215345
393.5019979
394.5674787
398.6065082
404.4292351
405.2568753
405.6737914
406.7524022
408.408301
408.7822848
410.2460497
412.0391526
415.3466061
429.3835288
432.1692553
433.8804647
443.6580707
453.6987494
458.0562074
465.9373557
472.2915745
497.6420279
506.2651759
618.2541974
