216.7970797
217.9284076
218.5955521
219.0525126
219.6299901
220.3418658
220.7851961
221.1719207
223.4794909
223.9367088
224.2080936
224.2329202
224.2515109
225.9938523
226.7756176
227.6648143
228.4457227
229.3117215
229.6676092
229.861504
231.0512881
231.7385326
232.0154239
232.6164578
233.2449377
233.4805742
234.1674621
234.2442297
234.6849317
235.3841995
235.9102679
236.2738088
236.5499147
236.6368004
236.8974757
238.0293075
239.2789315
239.4080684
239.458962
240.0287197
240.3005104
240.6315885
241.0584787
241.198503
241.6679567
243.0895174
243.6962997
245.0337049
245.3039752
247.3091255
247.3879529
247.7556495
249.2871028
249.6742367
249.966721
251.4514435
252.4263974
253.4899086
253.6555945
253.8927695
254.7137032
255.0528561
255.669165
255.9441713
256.2926323
256.4269798
256.6242774
256.788741
256.8424911
257.1380079
257.2214028
257.4646707
257.5720568
257.8843847
257.9577504
258.3789645
261.3758581
261.6754442
261.8243416
262.1551373
262.1634845
262.5982275
262.7110487
263.4617122
264.1849276
264.2258019
264.3270972
264.8923475
265.396012
265.688927
267.0611973
267.1635327
267.5644731
268.7669012
269.7712951
271.3541172
271.7976033
271.8091745
272.1517374
272.343444
272.3886565
273.1273979
273.2154931
273.2631474
273.6164152
274.591478
274.7405387
275.1735502
275.4208171
275.463675
275.7559131
275.9339364
276.1445186
276.2886899
276.5041588
276.8803506
277.0411123
277.2511651
277.591723
277.8304984
278.1566768
278.238086
278.3364624
279.1706245
280.6382046
281.1339683
281.1816584
281.4227604
282.1823406
282.5101615
282.8426474
283.2638147
284.7339879
284.8836245
285.0849696
285.2407802
286.6079948
287.1640983
287.4421371
287.5043243
287.5991213
287.9352188
288.1364632
288.4542051
288.9931648
289.2470329
289.3293231
289.7005476
289.743057
289.8463444
290.056673
290.3913213
291.1917231
291.2984053
291.3580146
291.6562368
292.0064859
292.3572773
292.5302641
293.3783514
293.4413669
293.5854068
294.4746536
294.7790853
295.5049557
295.6063102
296.0642968
296.6730421
297.1532568
297.1806764
298.3035014
298.4025387
298.6564063
298.9240401
298.9387839
299.2047545
299.68679
299.71626
299.8776546
300.3673102
300.8619467
300.9871543
301.3101386
301.4782033
301.5998711
301.8571218
301.9051827
302.07236
302.4195882
303.0621072
303.3960707
303.535949
303.5507187
303.8029054
305.1116776
305.1392459
305.3442115
306.5601905
306.7695161
307.1949178
307.2521043
307.9832225
308.7025472
309.1050835
309.6661772
309.6799101
310.1741132
310.1939591
310.8446674
311.4787755
311.8145728
313.0028687
313.4240407
314.7321766
315.1938117
315.3157755
315.5754487
315.8160255
316.0588144
316.6031077
316.6535
317.3003824
317.3162645
317.5597135
318.1724158
319.3914507
319.7758514
320.0523413
320.1495455
320.6762061
320.8442492
321.2729095
321.6095055
321.8158034
321.9186582
322.1860986
322.2572939
322.5265978
322.5825733
323.0507515
323.4089736
323.4581907
323.5098974
323.6966384
324.2705532
324.6356691
324.7053072
324.9000503
325.2061464
325.7763569
325.9793233
325.981448
326.2222914
326.6528855
326.7094623
326.734176
326.8061149
327.8599365
329.5178313
329.6737312
330.1515373
330.4145497
331.0353771
331.0399987
331.0623054
331.2628337
331.3407212
331.4104995
331.4765616
331.6474052
331.7407322
331.7518516
331.8165373
331.8930133
332.5408378
332.700056
333.0636538
333.3628914
333.6848244
333.7008041
334.1812847
334.2453821
334.3428816
334.4016014
334.5048051
335.0172469
335.0645463
335.5724862
335.5742246
335.6852998
335.9033222
335.914029
336.0099943
336.1378076
336.3805919
336.5320168
336.8778903
336.9358856
337.2980062
337.3815918
337.4997856
337.5229975
337.6732616
337.9277066
338.0382066
338.1573285
338.1801047
338.4666521
338.6284101
338.6595165
339.1246597
339.1652118
339.5710707
339.9058118
340.3794617
340.4835005
340.6899993
340.9359717
341.5331962
341.779326
342.866265
342.980089
343.5091804
343.6215659
343.7270548
343.9682758
344.0487037
344.0582847
344.2520326
344.2890052
344.4768356
344.5092367
344.5431578
344.8347912
344.9973799
345.2221054
345.7745056
346.0952843
346.1934011
346.3874272
346.6343633
346.8216157
346.8600744
347.0243024
347.0947366
347.2286867
348.0104132
348.0878334
348.1830096
348.335665
348.467565
348.6095919
348.7773676
349.323144
349.3968801
349.634979
349.6484366
349.7271516
349.7289953
349.8624939
350.0080743
350.1412421
350.3128244
350.548953
350.8303245
351.0275608
351.1268921
351.1674886
351.1882816
351.2105525
351.2773091
351.3570309
351.3675397
351.4016182
351.5104687
351.618135
351.6245541
351.7026918
351.7063971
351.7119904
351.8335134
352.082975
352.0848099
352.157136
352.1884841
352.3023112
352.3091232
352.3549532
352.4254124
352.4532629
352.4920753
352.5832329
352.5993106
352.6819999
352.7634444
352.7746092
353.0776431
353.3179259
353.3722014
353.4508852
353.5007076
353.5123891
353.5367376
353.625231
353.6920006
353.6948303
353.7326931
353.7482415
353.7893695
353.8378464
353.914997
353.9850735
354.0511425
354.1580974
354.1634452
354.1697144
354.1875468
354.2068366
354.2138421
354.2696172
354.2791207
354.3591939
354.6987345
354.752545
354.8589195
354.8888776
354.9411655
355.0044329
355.0499367
355.2853148
355.329884
355.3803216
355.4350984
355.4663942
355.4821331
355.5522035
355.6629178
355.6769003
355.7063151
355.8406094
355.8539196
356.138863
356.2037332
356.4080098
356.4140117
356.424453
356.5017559
356.5856113
356.6393703
356.6806033
356.9568936
357.0235576
357.068609
357.1653644
357.1674492
357.171697
357.2688299
357.280887
357.5710671
357.6350628
357.6643427
357.6920229
357.7638838
357.8316088
357.9574296
358.1107762
358.1133908
358.1432543
358.2316477
358.2418182
358.261284
358.3358275
358.3732068
358.4026034
358.5905376
358.6082254
358.6121992
358.6385897
358.6531795
358.7035435
358.7678183
358.7877711
358.9494487
359.0251984
359.0692744
359.1365854
359.2310858
359.2504832
359.2706047
359.3071322
359.4651929
359.4739017
359.5138949
359.5161771
359.5167884
359.531533
359.5759735
359.6637723
359.6774479
359.7031742
359.706037
359.7211353
359.8814049
359.9546348
360.2084146
360.3086024
360.3342775
360.3647618
360.3777399
360.4110464
360.4411094
360.6435344
360.6969012
360.7016994
360.753973
360.763754
360.8428541
360.8643712
360.976116
361.2662071
361.3066622
361.3495385
361.3678535
361.3973458
361.5282303
361.532826
361.5440733
361.6438538
361.6539236
361.6796238
361.7620259
361.7987112
361.8057445
361.897941
361.9714917
361.9747961
361.9757578
361.9825434
362.0562717
362.129392
362.1411076
362.1813495
362.1954736
362.1968261
362.2326192
362.2616112
362.2956946
362.3341205
362.3826013
362.4353909
362.4601687
362.5036823
362.5241997
362.5311681
362.553211
362.5607104
362.5716575
362.6324607
362.6561728
362.6792519
362.684699
362.7231194
362.7776402
362.7827661
362.8239618
362.8715915
362.8953138
362.9770157
363.1068159
363.2040404
363.2437731
363.3276382
363.380573
363.4181907
363.456668
363.5456188
363.5510429
363.5514522
363.5697084
363.5829933
363.596544
363.603824
363.6260443
363.6735342
363.7331231
363.8852006
363.9125715
363.9630123
364.0257272
364.1201409
364.3102694
364.3474411
364.3754809
364.4030708
364.4106353
364.5144516
364.5180189
364.5484447
364.5521207
364.6046926
364.7153342
364.7541343
364.7676076
365.0426972
365.126241
365.1304555
365.1459134
365.1931383
365.2103841
365.2938039
365.3343619
365.4499383
365.5085103
365.5305131
365.5441623
365.614641
365.6514294
365.6528949
365.747267
365.7842455
365.8049513
365.8711408
365.9325647
365.9404348
365.976479
366.0214896
366.0315258
366.0578703
366.0646669
366.124698
366.1668095
366.2111741
366.2228175
366.2863708
366.3293245
366.3355981
366.343477
366.3634074
366.3977858
366.4221185
366.4794436
366.6439303
366.6926852
366.7261848
366.7589867
366.8717622
366.8988328
366.9017388
367.031758
367.0650948
367.1003656
367.1008097
367.1132235
367.1138956
367.2873266
367.329836
367.3806207
367.3902534
367.4897761
367.5124502
367.5296177
367.5372877
367.6079929
367.6242309
367.6248141
367.6503974
367.8399141
367.8783211
367.8906449
367.9200318
367.9607959
368.0031339
368.0395413
368.1547687
368.2359972
368.24696
368.3143164
368.3594227
368.3691507
368.3693835
368.3908273
368.4621737
368.5770226
368.6439097
368.647522
368.6538928
368.7055341
368.7157452
368.7205036
368.7440508
368.7497561
368.7633255
368.8070722
368.8149693
368.9844754
369.0780912
369.1204853
369.1883493
369.2069958
369.2250595
369.2577597
369.2680113
369.2821786
369.3422727
369.4868853
369.4888157
369.5253925
369.5400917
369.5572502
369.5641514
369.5709125
369.5848772
369.6204219
369.7233874
369.7288012
369.7853593
369.8196326
369.8895285
369.9110616
369.9218717
369.9772122
369.9930641
370.0251595
370.0257687
370.026135
370.0873027
370.0937487
370.2598611
370.3268599
370.3450678
370.3898911
370.403597
370.4160857
370.5051173
370.5091274
370.5574594
370.6305367
370.6590841
370.6962956
370.7605098
370.8435501
370.8642243
370.8791346
370.8999714
370.9012587
370.9317387
370.9340428
370.9804136
371.009428
371.0444633
371.0665918
371.1292166
371.1394253
371.1427424
371.1441774
371.1645844
371.1905003
371.2038954
371.2444145
371.2549633
371.285497
371.2896315
371.3761609
371.4434194
371.4622088
371.4985214
371.5415766
371.5798757
371.5810037
371.5810533
371.5913086
371.6145861
371.6191693
371.6377405
371.6392961
371.6459382
371.7055996
371.7834032
371.8082718
371.8211788
371.8434301
371.8625444
371.9116324
371.9368397
371.9668647
372.1033883
372.1815606
372.1845211
372.2012326
372.2517778
372.2573935
372.2898155
372.2953763
372.3280825
372.4181198
372.4216363
372.4258321
372.4430507
372.4476997
372.4792537
372.513108
372.5220016
372.5321886
372.5895851
372.5966903
372.6140679
372.6642427
372.6672748
372.6691588
372.6777976
372.707805
372.7377838
372.743159
372.7567426
372.8091258
372.8262815
372.8353919
372.8459675
372.858039
372.8754825
372.8936489
372.9093728
372.9163084
372.9678816
372.969908
372.986579
373.0075223
373.0104121
373.0445851
373.0499907
373.0758595
373.0799342
373.0801255
373.1371165
373.1455713
373.2044046
373.2100043
373.2411525
373.2738843
373.3080797
373.3114465
373.3691725
373.3706853
373.3758074
373.3772819
373.4084551
373.445055
373.4660083
373.4788308
373.499322
373.5128417
373.5170946
373.5179329
373.5514792
373.5593659
373.5743679
373.6080113
373.64357
373.6546848
373.6691201
373.6912373
373.6984525
373.7386608
373.7517034
373.78362
373.789432
373.7941533
373.8022009
373.8134292
373.815566
373.8516397
373.8722264
373.8795438
373.9250275
373.9495424
373.9897491
373.9903287
374.0059305
374.0249827
374.0375649
374.0481298
374.0698121
374.0728336
374.0790285
374.0848291
374.1020612
374.1067745
374.120461
374.1214785
374.1389698
374.1688682
374.1777356
374.1900639
374.2020358
374.2021653
374.2033061
374.2086446
374.2253286
374.2277839
374.2546945
374.2584927
374.26325
374.266237
374.2728812
374.2910696
374.2914046
374.3078916
374.3176971
374.3194941
374.3197094
374.3258608
374.3362335
374.3666546
374.3667469
374.3682867
374.3730956
374.3820628
374.3821212
374.3824208
374.3861654
374.3979177
374.4129339
374.4220646
374.4227821
374.4242393
374.4257115
374.4288798
374.4314439
374.4371577
374.4530041
374.4532402
374.4604339
374.4648726
374.4858761
374.4892353
374.497818
374.4987204
374.5012933
374.5014631
374.5173701
374.5196331
374.5287332
374.5347331
374.5389459
374.5461674
374.5495778
374.5514063
374.5531528
374.566495
374.5683339
374.5777908
374.5803749
374.5908775
374.6002301
374.6040406
374.6069293
374.6072318
374.6107426
374.6181772
374.6205117
374.6229892
374.623065
374.6303764
374.6310031
374.6323927
374.6341174
374.6351572
374.6382201
374.6388961
374.6411281
374.6416134
374.6424288
374.6429555
374.643101
374.6468989
374.6475946
374.6483157
374.6594971
374.7177964
374.7301672
374.7745081
381.9862983
382.8861847
384.6063395
385.0393118
391.9502446
392.4580754
393.5019979
404.4292351
405.2568753
405.6737914
406.7524022
412.0391526
429.3835288
432.1692553
453.6987494
458.0562074
497.6420279
506.2651759
618.2541974
