-inf
-inf
-inf
-1.797693135e+308
-1.797693135e+308
-1.797693135e+308
-1.797693135e+308
-237467498.9
-108756346.4
-86332447.16
-85750422.14
-84606871.89
-83025395.82
-82819517.77
-81083677.47
-80809632.04
-80679941.02
-80340915.33
-79034980.11
-77570977.29
-76625334.47
-76087192.37
-75843718.61
-75113837.51
-74587420.8
-74056397.13
-73799924.72
-73672463.82
-72682345.3
-71967212.58
-70912131.79
-70722405.69
-70080943.53
-69657065.36
-68964395.43
-68650902.05
-68501942.49
-67794590.63
-65851853.54
-64683206.11
-64225007.19
-62510001.17
-62008669.38
-60107055.16
-57567013.75
-57371036.04
-57217636.06
-56510636.75
-55459924.01
-54928251.33
-54547964.58
-54378268.53
-53652340.63
-52320780.31
-51734897.78
-49763918.3
-49569185.75
-49152957.27
-48570699.46
-47934055.61
-47242989.29
-46799259.14
-44639346.38
-44623006.65
-44269705.53
-43912564.06
-42823826.91
-42790576.42
-42467401.87
-41893185.33
-40518433.66
-39605060.85
-39580721.99
-38715959.15
-38380028.97
-38138758.84
-37238716.14
-36997422.07
-35113945.03
-34010558.82
-33568164.28
-33118365.49
-32832390.59
-32781579.12
-32666254.94
-32581837.92
-32375300.13
-29743152.6
-29364488.13
-29161913.03
-28921536.44
-28889644.58
-28885692.84
-28860154.87
-27781344.5
-27340372.47
-26268984.41
-26025788.18
-25735128.88
-25544267.96
-25497598.12
-25230889.55
-25086230.77
-25034454.4
-24310870.92
-24202942.01
-23684265.53
-23626104.47
-22644157.79
-22305467.68
-21747662.7
-21179270.76
-20804479.68
-19752968.05
-18683909.4
-18353195.45
-18254138.73
-18205396.04
-16970319.68
-16347790.69
-16301167.53
-16062578.66
-16047149.76
-15334299.48
-15150320.42
-15091808.13
-14961655.76
-14702018.64
-14676626.96
-14291804.8
-13998282.66
-13973598.65
-13638573.45
-13566157.64
-13538407.32
-13275584.97
-13178704.02
-13175392.53
-13051412.92
-12453010.8
-12256352.84
-12149351.64
-12007563.65
-11975823.71
-11853597.55
-11646924.73
-11604795.64
-11492690.32
-11477919.68
-11371071.14
-11311442.39
-11221515.73
-11185443.32
-11041802.5
-10928786.61
-10699181.71
-10460979.61
-10395457.32
-10197575.66
-10082942.44
-10008051.34
-9770791.262
-9549750.419
-9153669.501
-9081560.572
-9042654.136
-8823606.847
-8785643.027
-8771827.893
-8768429.196
-8727974.704
-8695296.29
-8651998.263
-7731896.062
-7730281.892
-7339431.606
-7286023.86
-7225864.993
-7209008.827
-7192925.849
-7187109.536
-6801661.802
-6735947.154
-6530394.14
-6525132.894
-6503139.802
-6477481.103
-6336343.346
-6303266.4
-6220593.08
-6135442.148
-6133860.038
-5981674.056
-5960018.141
-5933876.692
-5795475.651
-5682063.814
-5631612.501
-5629636.733
-5565292.604
-5469256.685
-5453847.496
-5453256.792
-5374441.798
-5353115.058
-5350719.262
-5301957.316
-5273151.195
-5244357.12
-5022504.48
-4993283.574
-4910700.827
-4869567.537
-4859406.321
-4835449.383
-4823462.8
-4793059.751
-4723814.462
-4633004.179
-4547832.932
-4531801.516
-4312574.713
-4129478.452
-4099821.638
-3993272.429
-3993219.152
-3894281.461
-3833011.883
-3797833.2
-3769306.937
-3663836.951
-3554306.028
-3508220.864
-3455919.435
-3444049.893
-3403026.084
-3402238.671
-3397746.982
-3379977.682
-3348094.439
-3224269.732
-3185992.007
-3138271.458
-3078922.993
-3075111.304
-3031785.085
-3027646.938
-3019933.18
-3006670.874
-2938518.862
-2909626.993
-2906247.947
-2900630.286
-2861519.209
-2850543.808
-2843573.593
-2757171.922
-2696573.065
-2695222.804
-2649010.915
-2640217.969
-2622359.725
-2584141.231
-2544872.121
-2540893.323
-2532312.318
-2449987.804
-2422104.319
-2398881.055
-2372442.421
-2330320.498
-2301053.951
-2276382.655
-2205809.727
-2158107.017
-2156054.123
-2155710.334
-2122115.843
-2087592.424
-2081700.36
-2051818.903
-2048752.5
-2007690.232
-2000725.101
-1931453.763
-1917512.543
-1851288.261
-1849904.52
-1838737.868
-1765301.903
-1751709.273
-1747221.438
-1744712.408
-1731302.266
-1722754.955
-1721300.974
-1651460.439
-1648025.569
-1600125.756
-1597251.705
-1595171.48
-1591900.833
-1586986.089
-1563997.436
-1551766.957
-1544839.705
-1531864.358
-1507311.928
-1472385.209
-1465153.209
-1463402.758
-1446053.792
-1442874.322
-1430079.845
-1418979.868
-1393715.553
-1389523.835
-1383373.776
-1381384.409
-1372791.198
-1364411.677
-1358019.632
-1342090.15
-1341327.911
-1336791.6
-1268214.675
-1252200.505
-1228381.612
-1225968.583
-1192353.683
-1178572.523
-1135754.779
-1131677.383
-1124823.613
-1122609.987
-1103827.639
-1095449.474
-1068807.555
-1063052.29
-1044124.61
-1025519.993
-1025091.138
-1023659.929
-1016823.186
-1013659.613
-985678.4727
-971356.1513
-958839.2634
-954460.4485
-950486.7137
-917608.1928
-896610.7221
-886687.1699
-874265.0967
-871288.4103
-868529.8683
-865062.615
-848873.5309
-844496.3342
-843138.2173
-842159.132
-825480.1753
-814437.2924
-806736.3481
-802898.4255
-778170.5227
-771428.6993
-767024.313
-767005.6064
-747805.1556
-729949.5006
-716692.8391
-715705.5405
-715276.2467
-713065.9677
-670503.0841
-669502.5442
-664531.724
-651773.3213
-651280.3095
-648629.8383
-648592.3047
-644654.9885
-639924.8496
-625192.9048
-598529.9686
-595969.6738
-595355.98
-589886.8931
-585334.4101
-584166.5087
-580983.9406
-568263.6482
-564909.8915
-550556.8294
-542508.7426
-539073.5769
-535888.9475
-535293.1572
-523019.3389
-503119.1286
-500858.8968
-496525.1731
-484562.7483
-481547.8594
-480259.9187
-466513.8248
-453894.2363
-449942.0531
-444998.2071
-439867.8443
-433876.3813
-432097.3412
-423436.9239
-417433.3
-414457.059
-412209.8808
-410366.2021
-403759.7482
-399305.4316
-392336.9958
-391728.2427
-391019.1833
-389739.5737
-383264.3652
-381078.4081
-377774.8464
-376645.5206
-374929.5073
-374224.4008
-369176.7296
-366819.4144
-365613.6689
-358800.3497
-358350.8828
-356569.4342
-351054.2536
-350522.5195
-350197.1265
-337398.575
-336753.6446
-335929.2147
-318451.0698
-315305.5261
-313443.2865
-298492.3165
-297882.1889
-294501.074
-292190.2527
-282165.7056
-278562.0007
-277469.6158
-277360.9103
-276090.5025
-276060.7299
-271929.7089
-271887.4287
-271403.0209
-266696.4295
-265139.1247
-263862.4314
-246263.6423
-238900.565
-238558.4069
-235526.599
-231628.6725
-231009.08
-225699.1192
-220001.2174
-212579.521
-196577.889
-196191.547
-189490.0261
-189076.5816
-187699.4015
-185180.0993
-181764.2879
-179853.0937
-177106.077
-175232.8101
-170644.9394
-168308.0677
-165366.9187
-162375.7707
-160315.3396
-157483.0779
-151838.7695
-150748.9459
-148998.1502
-147949.9798
-144178.2178
-142450.9614
-141209.5808
-138405.8041
-137956.3554
-136225.2986
-132421.3346
-132203.8714
-131837.4025
-130588.4074
-129175.47
-128955.1635
-128936.1284
-128878.3734
-125346.3602
-122884.6043
-122594.6261
-122227.9153
-121524.3761
-121035.0994
-120345.0852
-119701.0024
-119187.9518
-118849.2269
-118075.1679
-117357.5726
-115646.8739
-115539.6702
-114731.2295
-113039.0984
-112006.6828
-111856.2052
-110902.5019
-109677.3051
-107693.568
-106880.4157
-105385.2713
-105231.6206
-105208.2236
-104852.9516
-104114.5131
-103721.934
-102779.6391
-102325.8462
-100629.6238
-100132.8437
-98867.3311
-98458.86212
-96400.04839
-95429.93423
-95236.41665
-95123.41942
-93880.05198
-92051.36671
-90147.39173
-90129.72634
-90129.62415
-89083.9317
-87465.95126
-86920.00901
-85915.22578
-85458.3908
-85160.87734
-84717.4716
-82906.03256
-81570.78698
-81316.35328
-80951.00434
-77489.08095
-77412.00171
-77222.32489
-76586.38292
-75292.49694
-74506.15316
-73654.01057
-73208.56925
-72350.6666
-70698.26361
-69431.4534
-69063.34276
-68902.60799
-68645.23101
-68226.47214
-66445.17523
-66091.19344
-65879.48639
-63654.97212
-63296.36225
-62900.76007
-62146.37398
-62002.5452
-61649.30069
-59633.69483
-58848.218
-58691.17804
-57100.6134
-56652.07486
-56323.42487
-55677.44325
-55404.60245
-54986.38208
-54445.21205
-51765.3421
-51529.54212
-51524.2108
-51301.23281
-50176.67572
-49955.87645
-49802.03888
-49527.70408
-48240.7142
-47867.29416
-46994.34765
-45174.7447
-44433.28584
-44336.96144
-43696.75111
-43595.89872
-42722.93147
-42650.38705
-42360.66239
-42292.11994
-41406.22548
-41266.23546
-40771.89234
-39570.30828
-39569.52024
-39256.56328
-38697.77282
-38540.7755
-38507.48607
-38182.39225
-38145.75599
-37330.49948
-36939.96798
-36630.47718
-36188.83275
-35650.33283
-35121.27033
-34725.19432
-34162.83244
-33921.31005
-33868.59
-33664.76421
-32998.35929
-32979.70378
-32757.00954
-32448.40701
-32191.75541
-32177.77494
-31774.21772
-31733.50329
-31615.75797
-31595.11402
-31418.37963
-31220.77537
-31080.82527
-30904.05059
-30730.32208
-30637.19917
-30572.36031
-29452.7603
-29070.38125
-28987.22378
-28952.35467
-28929.63034
-28768.2447
-28743.94893
-28453.49134
-28211.1974
-28189.81072
-27351.38951
-27227.15742
-27159.72158
-27146.82201
-26814.802
-26362.09274
-26026.89823
-25643.25596
-24639.7441
-24556.11893
-24527.05103
-24463.77816
-24207.67266
-24096.70691
-23811.12673
-23692.14272
-23675.80538
-23651.70411
-23628.3257
-23613.18307
-23492.88423
-23288.05773
-23281.60056
-23031.22401
-22867.05278
-22755.09262
-22537.87551
-22456.85021
-22373.21025
-22335.30123
-22245.76299
-22141.00595
-22067.3556
-22028.52267
-21756.64495
-21712.50503
-21631.28682
-21358.71379
-21098.89225
-21004.2759
-20805.99041
-20777.62701
-20762.56619
-20742.0722
-20627.14746
-20620.16352
-20182.19597
-20160.23858
-19840.70561
-19834.21126
-19639.58708
-19529.01569
-19372.88385
-19356.92843
-19328.04083
-19013.21522
-18966.64427
-18934.71374
-18754.93193
-18739.20757
-18227.97915
-18120.40759
-17728.42733
-17723.16059
-17588.12366
-17419.62936
-17398.76554
-17302.63009
-17271.04184
-17111.87778
-16758.5723
-16301.22715
-16141.64819
-16126.70935
-15926.34842
-15744.90197
-15467.89418
-15415.26513
-15403.94542
-15270.76887
-15261.82873
-15218.68685
-15034.75896
-14811.19741
-14669.42604
-14616.00411
-14430.36326
-14330.76798
-14283.65835
-14189.18051
-14115.04069
-13983.17977
-13905.50807
-13790.16677
-13551.9158
-13393.31641
-13282.44683
-13207.54331
-12950.54943
-12857.50033
-12786.70525
-12721.07402
-12621.73591
-12369.89844
-12241.2927
-12107.39787
-11966.50957
-11919.46356
-11915.96479
-11898.87152
-11838.1551
-11773.10727
-11568.739
-11523.83264
-11442.77057
-11341.77828
-11305.86593
-11181.74361
-11167.47373
-11103.20752
-11007.56982
-10956.72524
-10877.91349
-10830.00192
-10827.64478
-10799.55915
-10787.43844
-10746.78926
-10741.59731
-10718.36959
-10630.68239
-10612.66888
-10578.80044
-10425.82493
-10308.03789
-10284.18747
-10231.03299
-10227.94294
-10162.00938
-10143.23442
-10070.73299
-10014.60268
-9958.494819
-9829.480319
-9785.68922
-9599.682157
-9586.430136
-9560.858811
-9479.3614
-9422.375494
-9332.973273
-9309.355648
-9287.026038
-9080.994056
-9062.603624
-8997.755456
-8924.466078
-8912.56068
-8905.135055
-8820.378378
-8781.161726
-8720.429771
-8632.837507
-8617.10875
-8530.944789
-8459.870218
-8401.600212
-8338.904586
-8328.092926
-8273.467338
-8235.039796
-8084.742765
-8066.123029
-8065.650618
-8043.53276
-7954.014526
-7890.669457
-7761.477059
-7737.331757
-7602.802058
-7480.689809
-7472.080636
-7442.577529
-7441.127865
-7338.304797
-7307.316542
-7306.048921
-7108.200036
-6982.774485
-6914.129762
-6894.909789
-6880.198286
-6853.600911
-6688.193956
-6564.094174
-6536.55842
-6527.137689
-6476.08083
-6382.627246
-6371.275136
-6331.420854
-6288.379031
-6246.678383
-6220.024402
-6214.618523
-6163.872483
-6123.813244
-6108.343971
-6059.473827
-6057.426171
-5982.226631
-5953.192878
-5911.926133
-5857.41348
-5848.088712
-5816.012877
-5764.432561
-5746.071743
-5572.934292
-5516.730807
-5500.569165
-5497.296475
-5467.460376
-5317.770953
-5277.640256
-5250.842631
-5245.711032
-5184.96234
-5148.002033
-5087.190623
-5078.798257
-4998.598791
-4947.206916
-4938.435782
-4896.153983
-4883.524818
-4622.45116
-4590.910012
-4564.924227
-4509.4872
-4500.822919
-4450.544624
-4418.349194
-4336.186891
-4240.56274
-4236.666139
-4174.065309
-4171.77237
-4142.535475
-4134.732657
-4128.971417
-4107.275847
-4102.167795
-3950.277739
-3915.520351
-3914.546686
-3869.070408
-3803.192307
-3777.967702
-3730.912708
-3700.263076
-3694.464133
-3684.274818
-3679.665193
-3670.150193
-3641.490159
-3634.123209
-3627.211661
-3592.095829
-3570.042748
-3483.798821
-3446.11676
-3436.020676
-3435.916929
-3435.023848
-3397.145329
-3390.971267
-3302.153439
-3281.710957
-3221.817565
-3157.610832
-3142.625063
-3117.648672
-3095.258226
-3040.966074
-3028.795888
-3004.098731
-2964.863826
-2963.936928
-2931.393402
-2768.10067
-2722.500122
-2711.350188
-2666.594235
-2652.819136
-2633.094626
-2603.251035
-2550.129696
-2547.624489
-2540.386491
-2518.118433
-2507.627502
-2451.236354
-2442.406087
-2434.038096
-2412.524589
-2313.516308
-2307.775305
-2291.142629
-2288.680283
-2283.109818
-2270.574579
-2267.890542
-2207.014443
-2140.194806
-2135.523407
-2131.439368
-2111.763952
-2102.772202
-2100.62216
-2073.60441
-2062.216731
-2040.627131
-2026.601545
-1994.594647
-1967.388172
-1956.896143
-1908.582438
-1888.498786
-1857.665484
-1854.883029
-1830.651403
-1792.890642
-1782.831809
-1779.910583
-1769.692913
-1735.79055
-1733.277196
-1724.874849
-1705.343621
-1695.756502
-1679.319152
-1672.325132
-1669.04604
-1650.836154
-1647.424103
-1628.149253
-1618.875258
-1593.31147
-1583.12752
-1565.14912
-1563.26623
-1557.47564
-1555.202406
-1551.139994
-1532.280171
-1523.693694
-1521.52264
-1505.578422
-1497.474412
-1475.952751
-1474.931286
-1471.647989
-1470.217554
-1465.017497
-1462.989856
-1438.31543
-1430.030795
-1428.062586
-1422.268977
-1419.205702
-1415.68685
-1409.212676
-1372.406524
-1370.033641
-1368.826096
-1367.574458
-1364.270519
-1364.192715
-1362.888732
-1359.60219
-1346.971236
-1332.591059
-1330.420365
-1318.868061
-1299.365569
-1283.729545
-1261.377364
-1259.455624
-1255.192988
-1247.845988
-1231.052584
-1206.960969
-1192.953337
-1185.737176
-1165.208033
-1163.874595
-1154.980063
-1153.750966
-1144.758039
-1141.452558
-1141.15003
-1136.656869
-1132.05583
-1124.251302
-1099.783145
-1086.85341
-1062.373153
-1039.492884
-1023.161241
-1020.686762
-1018.838687
-1017.06515
-1008.150307
-1006.133132
-1005.455047
-993.4755594
-985.4549402
-982.5422464
-971.9096915
-962.3876179
-959.4658652
-958.415887
-957.3051775
-953.6029147
-943.8802989
-943.6746109
-942.0295925
-935.190599
-927.7256541
-917.7183314
-917.7071626
-909.0404797
-908.7855656
-900.2382299
-899.1955471
-897.3836029
-890.7820439
-889.3251499
-867.2408432
-864.9560791
-862.3566885
-859.2694249
-847.3332042
-846.5770655
-845.8824797
-843.2019123
-835.2193023
-833.1405122
-831.1914588
-828.8150348
-827.2911876
-819.5388494
-814.4710091
-805.3523651
-789.6522853
-785.4650688
-783.1307499
-777.668612
-776.8637237
-757.5846181
-750.2428996
-726.4673775
-718.636826
-695.5349109
-694.9661963
-677.5494201
-675.7748472
-674.2337624
-672.7053634
-672.6348818
-672.1842351
-640.3846236
-639.7141352
-639.2658633
-638.9233176
-636.1243551
-635.415744
-631.5991716
-623.5530825
-620.9804395
-619.5534264
-612.8253419
-608.6356899
-606.3634029
-604.8798554
-599.3591022
-598.7364636
-597.9341348
-595.0546388
-592.3040373
-591.5227426
-588.9087949
-586.1041565
-584.8868827
-584.4161303
-584.0287557
-581.8527583
-576.148153
-575.7523894
-559.08761
-556.3496686
-523.4161881
-518.8346913
-518.4327196
-516.531498
-513.1731454
-509.9994695
-506.8343436
-506.5325199
-505.6655094
-505.268811
-505.25253
-495.8935047
-494.5603097
-492.1818798
-491.5024064
-490.3993114
-483.0304802
-479.4157188
-471.884451
-470.8873051
-465.5201766
-455.1449207
-454.3807244
-451.1796314
-448.6818647
-445.7755591
-444.601316
-437.1304846
-435.9334148
-435.5818592
-434.0742675
-431.7425853
-431.4886338
-430.1363309
-430.0050251
-429.3530952
-416.1063781
-411.1119805
-410.1800671
-410.0632399
-409.5728856
-408.4990773
-397.0081799
-392.4765528
-391.9118555
-389.1611893
-386.4031538
-381.9465092
-380.7779028
-380.6011451
-379.5393392
-378.7075659
-375.6283159
-375.4296244
-372.7781455
-363.0694029
-362.4928578
-359.1418044
-355.1455732
-354.4432286
-350.0342582
-348.8330801
-344.2840818
-336.5974902
-335.5902263
-324.4257362
-324.3496151
-323.8630593
-322.2479992
-320.1372816
-315.9988737
-314.4694086
-310.5630703
-309.7076534
-308.6909188
-305.9462727
-305.6612038
-304.4504972
-293.3028732
-287.1343263
-286.6750214
-283.980538
-281.5780591
-275.1321995
-273.0644362
-271.7839969
-258.9367451
-258.0632964
-253.400336
-250.4653407
-245.173485
-244.4867606
-232.4066033
-230.8837761
-230.3915885
-227.1871971
-223.5206784
-215.9948321
-214.7902207
-205.8793858
-204.661249
-203.145495
-202.2798219
-200.7869538
-200.4305329
-188.2398303
-186.6506043
-182.4121336
-178.851113
-175.8523644
-175.1172659
-173.6359325
-170.4753954
-164.2755232
-163.7218875
-159.6988785
-158.9121088
-157.3855304
-156.5581833
-156.3358539
-152.9372438
-152.3682802
-151.6451132
-149.8256689
-147.5713066
-140.2772491
-139.4476254
-137.8270996
-135.7663531
-133.1509561
-129.9568042
-129.3523051
-129.1645795
-119.744286
-114.8523831
-108.4041721
-107.6417871
-107.4244482
-106.5802163
-105.8440102
-97.7027909
-97.06931643
-93.73503676
-93.1295505
-89.61384459
-78.21304689
-78.19854615
-77.96659403
-77.62819861
-77.58052107
-75.01424213
-74.14317725
-72.4229473
-71.93545843
-71.28030402
-69.0565597
-65.29494008
-64.76270039
-64.01246368
-62.10197256
-58.53682634
-57.29876701
-54.8745828
-54.13434496
-49.73335322
-49.0497925
-45.2221636
-43.12579432
-42.78262824
-41.96275748
-38.41297261
-38.0368485
-36.74054463
-36.20079319
-30.0127687
-29.79939461
-28.94977507
-24.37465887
-24.23419165
-20.91508159
-20.5933391
-19.63026496
-19.06413204
-18.72834292
-18.64759224
-16.47938757
-15.40570776
-15.29845476
-12.53579203
-11.52378329
-10.9874434
-5.240888654
-2.26702884
-1.738943194
-1.695455661
-0.9871562994
0.5209217952
2.782522539
5.093413454
5.727603915
5.735177826
6.344031498
7.337430753
8.441689566
17.08535871
20.94687679
21.99873046
22.15979532
26.15605577
27.27520263
30.57271333
31.39126685
38.77273809
40.34133563
41.33267845
43.71042351
47.13826342
48.21259269
50.04929519
51.08814197
53.00538657
53.78750404
55.97362447
61.29970777
63.61243195
64.46203823
65.54215087
67.92325868
68.55725386
74.28595945
77.93958362
79.10656257
80.12568899
83.85188106
84.42064792
85.78390632
87.98844412
88.01301817
89.59149713
90.84091773
92.73782823
93.29481416
94.5187289
94.75521901
96.13529676
98.3340848
99.04994545
102.3445275
103.00548
105.5309265
105.9461562
106.4287222
106.9650242
109.6288133
112.7917854
113.1561441
117.0942569
117.1395262
117.3415398
118.0543312
120.6212322
124.7520264
126.6563308
128.7084367
130.6865704
130.8585464
131.58998
134.1860852
134.6603556
135.7897112
135.8078567
138.4606456
138.4635551
139.1763279
139.2929014
141.5645593
142.3418913
144.3012937
144.3567109
150.1990854
151.9281194
153.3590763
154.4801668
154.4825392
155.0567924
155.9865171
156.5864886
160.0057915
161.4373067
162.5738342
162.5934428
162.6421239
163.2251075
164.7759496
165.5081944
165.6910226
165.9563472
168.7707811
168.7957039
170.5432792
172.1005254
172.1547371
172.5825415
173.2293754
173.2814696
177.7699908
180.1554217
181.1629961
183.6295763
184.2450656
185.6776139
185.7218671
187.00638
188.5039244
189.6182017
190.2755846
191.6387029
194.7848403
197.8218533
198.2704097
201.7426853
202.1145322
202.3784283
203.8419252
205.0739802
205.614673
207.2260143
208.1513118
208.9409378
211.433854
211.7929773
211.9418834
213.5338885
214.081095
215.5991756
215.8816926
216.5288779
216.7970797
217.9284076
218.5955521
219.0525126
219.6299901
220.3418658
220.7851961
221.1719207
223.4794909
223.9367088
224.2080936
224.2329202
224.2515109
225.9938523
226.7756176
227.6648143
228.4457227
229.3117215
229.6676092
229.861504
231.0512881
231.7385326
232.0154239
232.6164578
233.2449377
233.4805742
234.1674621
234.2442297
234.6849317
235.3841995
235.9102679
236.2738088
236.5499147
236.6368004
236.8974757
238.0293075
239.2789315
239.4080684
239.458962
240.0287197
240.3005104
240.6315885
241.0584787
241.198503
241.6679567
243.0895174
243.6962997
245.0337049
245.3039752
247.3091255
247.3879529
247.7556495
249.2871028
249.6742367
249.966721
251.4514435
252.4263974
253.4899086
253.6555945
253.8927695
254.7137032
255.0528561
255.669165
255.9441713
256.2926323
256.4269798
256.6242774
256.788741
256.8424911
257.1380079
257.2214028
257.4646707
257.5720568
257.8843847
257.9577504
258.3789645
261.3758581
261.6754442
261.8243416
262.1551373
262.1634845
262.5982275
262.7110487
263.4617122
264.1849276
264.2258019
264.3270972
264.8923475
265.396012
265.688927
267.0611973
267.1635327
267.5644731
268.7669012
269.7712951
271.3541172
271.7976033
271.8091745
272.1517374
272.343444
272.3886565
273.1273979
273.2154931
273.2631474
273.6164152
274.591478
274.7405387
275.1735502
275.4208171
275.463675
275.7559131
275.9339364
276.1445186
276.2886899
276.5041588
276.8803506
277.0411123
277.2511651
277.591723
277.8304984
278.1566768
278.238086
278.3364624
279.1706245
280.6382046
281.1339683
281.1816584
281.4227604
282.1823406
282.5101615
282.8426474
283.2638147
284.7339879
284.8836245
285.0849696
285.2407802
286.6079948
287.1640983
287.4421371
287.5043243
287.5991213
287.9352188
288.1364632
288.4542051
288.9931648
289.2470329
289.3293231
289.7005476
289.743057
289.8463444
290.056673
290.3913213
291.1917231
291.2984053
291.3580146
291.6562368
292.0064859
292.3572773
292.5302641
293.3783514
293.4413669
293.5854068
294.4746536
294.7790853
295.5049557
295.6063102
296.0642968
296.6730421
297.1532568
297.1806764
298.3035014
298.4025387
298.6564063
298.9240401
298.9387839
299.2047545
299.68679
299.71626
299.8776546
300.3673102
300.8619467
300.9871543
301.3101386
301.4782033
301.5998711
301.8571218
301.9051827
302.07236
302.4195882
303.0621072
303.3960707
303.535949
303.5507187
303.8029054
305.1116776
305.1392459
305.3442115
306.5601905
306.7695161
307.1949178
307.2521043
307.9832225
308.7025472
309.1050835
309.6661772
309.6799101
310.1741132
310.1939591
310.8446674
311.4787755
311.8145728
313.0028687
313.4240407
314.7321766
315.1938117
315.3157755
315.5754487
315.8160255
316.0588144
316.6031077
316.6535
317.3003824
317.3162645
317.5597135
318.1724158
319.3914507
319.7758514
320.0523413
320.1495455
320.6762061
320.8442492
321.2729095
321.6095055
321.8158034
321.9186582
322.1860986
322.2572939
322.5265978
322.5825733
323.0507515
323.4089736
323.4581907
323.5098974
323.6966384
324.2705532
324.6356691
324.7053072
324.9000503
325.2061464
325.7763569
325.9793233
325.981448
326.2222914
326.6528855
326.7094623
326.734176
326.8061149
327.8599365
329.5178313
329.6737312
330.1515373
330.4145497
331.0353771
331.0399987
331.0623054
331.2628337
331.3407212
331.4104995
331.4765616
331.6474052
331.7407322
331.7518516
331.8165373
331.8930133
332.5408378
332.700056
333.0636538
333.3628914
333.6848244
333.7008041
334.1812847
334.2453821
334.3428816
334.4016014
334.5048051
335.0172469
335.0645463
335.5724862
335.5742246
335.6852998
335.9033222
335.914029
336.0099943
336.1378076
336.3805919
336.5320168
336.8778903
336.9358856
337.2980062
337.3815918
337.4997856
337.5229975
337.6732616
337.9277066
338.0382066
338.1573285
338.1801047
338.4666521
338.6284101
338.6595165
339.1246597
339.1652118
339.5710707
339.9058118
340.3794617
340.4835005
340.6899993
340.9359717
341.5331962
341.779326
342.866265
342.980089
343.5091804
343.6215659
343.7270548
343.9682758
344.0487037
344.0582847
344.2520326
344.2890052
344.4768356
344.5092367
344.5431578
344.8347912
344.9973799
345.2221054
345.7745056
346.0952843
346.1934011
346.3874272
346.6343633
346.8216157
346.8600744
347.0243024
347.0947366
347.2286867
348.0104132
348.0878334
348.1830096
348.335665
348.467565
348.6095919
348.7773676
349.323144
349.3968801
349.634979
349.6484366
349.7271516
349.7289953
349.8624939
350.0080743
350.1412421
350.3128244
350.548953
350.8303245
351.0275608
351.1268921
351.1674886
351.1882816
351.2105525
351.2773091
351.3570309
351.3675397
351.4016182
351.5104687
351.618135
351.6245541
351.7026918
351.7063971
351.7119904
351.8335134
352.082975
352.0848099
352.157136
352.1884841
352.3023112
352.3091232
352.3549532
352.4254124
352.4532629
352.4920753
352.5832329
352.5993106
352.6819999
352.7634444
352.7746092
353.0776431
353.3179259
353.3722014
353.4508852
353.5007076
353.5123891
353.5367376
353.625231
353.6920006
353.6948303
353.7326931
353.7482415
353.7893695
353.8378464
353.914997
353.9850735
354.0511425
354.1580974
354.1634452
354.1697144
354.1875468
354.2068366
354.2138421
354.2696172
354.2791207
354.3591939
354.6987345
354.752545
354.8589195
354.8888776
354.9411655
355.0044329
355.0499367
355.2853148
355.329884
355.3803216
355.4350984
355.4663942
355.4821331
355.5522035
355.6629178
355.6769003
355.7063151
355.8406094
355.8539196
356.138863
356.2037332
356.4080098
356.4140117
356.424453
356.5017559
356.5856113
356.6393703
356.6806033
356.9568936
357.0235576
357.068609
357.1653644
357.1674492
357.171697
357.2688299
357.280887
357.5710671
357.6350628
357.6643427
357.6920229
357.7638838
357.8316088
357.9574296
358.1107762
358.1133908
358.1432543
358.2316477
358.2418182
358.261284
358.3358275
358.3732068
358.4026034
358.5905376
358.6082254
358.6121992
358.6385897
358.6531795
358.7035435
358.7678183
358.7877711
358.9494487
359.0251984
359.0692744
359.1365854
359.2310858
359.2504832
359.2706047
359.3071322
359.4651929
359.4739017
359.5138949
359.5161771
359.5167884
359.531533
359.5759735
359.6637723
359.6774479
359.7031742
