-1705.343621
-1695.756502
-1679.319152
-1672.325132
-1669.04604
-1650.836154
-1647.424103
-1628.149253
-1618.875258
-1593.31147
-1583.12752
-1565.14912
-1563.26623
-1557.47564
-1555.202406
-1551.139994
-1532.280171
-1523.693694
-1521.52264
-1505.578422
-1497.474412
-1475.952751
-1474.931286
-1471.647989
-1470.217554
-1465.017497
-1462.989856
-1438.31543
-1430.030795
-1428.062586
-1422.268977
-1419.205702
-1415.68685
-1409.212676
-1372.406524
-1370.033641
-1368.826096
-1367.574458
-1364.270519
-1364.192715
-1362.888732
-1359.60219
-1346.971236
-1332.591059
-1330.420365
-1318.868061
-1299.365569
-1283.729545
-1261.377364
-1259.455624
-1255.192988
-1247.845988
-1231.052584
-1206.960969
-1192.953337
-1185.737176
-1165.208033
-1163.874595
-1154.980063
-1153.750966
-1144.758039
-1141.452558
-1141.15003
-1136.656869
-1132.05583
-1124.251302
-1099.783145
-1086.85341
-1062.373153
-1039.492884
-1023.161241
-1020.686762
-1018.838687
-1017.06515
-1008.150307
-1006.133132
-1005.455047
-993.4755594
-985.4549402
-982.5422464
-971.9096915
-962.3876179
-959.4658652
-958.415887
-957.3051775
-953.6029147
-943.8802989
-943.6746109
-942.0295925
-935.190599
-927.7256541
-917.7183314
-917.7071626
-909.0404797
-908.7855656
-900.2382299
-899.1955471
-897.3836029
-890.7820439
-889.3251499
-867.2408432
-864.9560791
-862.3566885
-859.2694249
-847.3332042
-846.5770655
-845.8824797
-843.2019123
-835.2193023
-833.1405122
-831.1914588
-828.8150348
-827.2911876
-819.5388494
-814.4710091
-805.3523651
-789.6522853
-785.4650688
-783.1307499
-777.668612
-776.8637237
-757.5846181
-750.2428996
-726.4673775
-718.636826
-695.5349109
-694.9661963
-677.5494201
-675.7748472
-674.2337624
-672.7053634
-672.6348818
-672.1842351
-640.3846236
-639.7141352
-639.2658633
-638.9233176
-636.1243551
-635.415744
-631.5991716
-623.5530825
-620.9804395
-619.5534264
-612.8253419
-608.6356899
-606.3634029
-604.8798554
-599.3591022
-598.7364636
-597.9341348
-595.0546388
-592.3040373
-591.5227426
-588.9087949
-586.1041565
-584.8868827
-584.4161303
-584.0287557
-581.8527583
-576.148153
-575.7523894
-559.08761
-556.3496686
-523.4161881
-518.8346913
-518.4327196
-516.531498
-513.1731454
-509.9994695
-506.8343436
-506.5325199
-505.6655094
-505.268811
-505.25253
-495.8935047
-494.5603097
-492.1818798
-491.5024064
-490.3993114
-483.0304802
-479.4157188
-471.884451
-470.8873051
-465.5201766
-455.1449207
-454.3807244
-451.1796314
-448.6818647
-445.7755591
-444.601316
-437.1304846
-435.9334148
-435.5818592
-434.0742675
-431.7425853
-431.4886338
-430.1363309
-430.0050251
-429.3530952
-416.1063781
-411.1119805
-410.1800671
-410.0632399
-409.5728856
-408.4990773
-397.0081799
-392.4765528
-391.9118555
-389.1611893
-386.4031538
-381.9465092
-380.7779028
-380.6011451
-379.5393392
-378.7075659
-375.6283159
-375.4296244
-372.7781455
-363.0694029
-362.4928578
-359.1418044
-355.1455732
-354.4432286
-350.0342582
-348.8330801
-344.2840818
-336.5974902
-335.5902263
-324.4257362
-324.3496151
-323.8630593
-322.2479992
-320.1372816
-315.9988737
-314.4694086
-310.5630703
-309.7076534
-308.6909188
-305.9462727
-305.6612038
-304.4504972
-293.3028732
-287.1343263
-286.6750214
-283.980538
-281.5780591
-275.1321995
-273.0644362
-271.7839969
-258.9367451
-258.0632964
-253.400336
-250.4653407
-245.173485
-244.4867606
-232.4066033
-230.8837761
-230.3915885
-227.1871971
-223.5206784
-215.9948321
-214.7902207
-205.8793858
-204.661249
-203.145495
-202.2798219
-200.7869538
-200.4305329
-188.2398303
-186.6506043
-182.4121336
-178.851113
-175.8523644
-175.1172659
-173.6359325
-170.4753954
-164.2755232
-163.7218875
-159.6988785
-158.9121088
-157.3855304
-156.5581833
-156.3358539
-152.9372438
-152.3682802
-151.6451132
-149.8256689
-147.5713066
-140.2772491
-139.4476254
-137.8270996
-135.7663531
-133.1509561
-129.9568042
-129.3523051
-129.1645795
-119.744286
-114.8523831
-108.4041721
-107.6417871
-107.4244482
-106.5802163
-105.8440102
-97.7027909
-97.06931643
-93.73503676
-93.1295505
-89.61384459
-78.21304689
-78.19854615
-77.96659403
-77.62819861
-77.58052107
-75.01424213
-74.14317725
-72.4229473
-71.93545843
-71.28030402
-69.0565597
-65.29494008
-64.76270039
-64.01246368
-62.10197256
-58.53682634
-57.29876701
-54.8745828
-54.13434496
-49.73335322
-49.0497925
-45.2221636
-43.12579432
-42.78262824
-41.96275748
-38.41297261
-38.0368485
-36.74054463
-36.20079319
-30.0127687
-29.79939461
-28.94977507
-24.37465887
-24.23419165
-20.91508159
-20.5933391
-19.63026496
-19.06413204
-18.72834292
-18.64759224
-16.47938757
-15.40570776
-15.29845476
-12.53579203
-11.52378329
-10.9874434
-5.240888654
-2.26702884
-1.738943194
-1.695455661
-0.9871562994
0.5209217952
2.782522539
5.093413454
5.727603915
5.735177826
6.344031498
7.337430753
8.441689566
17.08535871
20.94687679
21.99873046
22.15979532
26.15605577
27.27520263
30.57271333
31.39126685
38.77273809
40.34133563
41.33267845
43.71042351
47.13826342
48.21259269
50.04929519
51.08814197
53.00538657
53.78750404
55.97362447
61.29970777
63.61243195
64.46203823
65.54215087
67.92325868
68.55725386
74.28595945
77.93958362
79.10656257
80.12568899
83.85188106
84.42064792
85.78390632
87.98844412
88.01301817
89.59149713
90.84091773
92.73782823
93.29481416
94.5187289
94.75521901
96.13529676
98.3340848
99.04994545
102.3445275
103.00548
105.5309265
105.9461562
106.4287222
106.9650242
109.6288133
112.7917854
113.1561441
117.0942569
117.1395262
117.3415398
118.0543312
120.6212322
124.7520264
126.6563308
128.7084367
130.6865704
130.8585464
131.58998
134.1860852
134.6603556
135.7897112
135.8078567
138.4606456
138.4635551
139.1763279
139.2929014
141.5645593
142.3418913
144.3012937
144.3567109
150.1990854
151.9281194
153.3590763
154.4801668
154.4825392
155.0567924
155.9865171
156.5864886
160.0057915
161.4373067
162.5738342
162.5934428
162.6421239
163.2251075
164.7759496
165.5081944
165.6910226
165.9563472
168.7707811
168.7957039
170.5432792
172.1005254
172.1547371
172.5825415
173.2293754
173.2814696
177.7699908
180.1554217
181.1629961
183.6295763
184.2450656
185.6776139
185.7218671
187.00638
188.5039244
189.6182017
190.2755846
191.6387029
194.7848403
197.8218533
198.2704097
201.7426853
202.1145322
202.3784283
203.8419252
205.0739802
205.614673
207.2260143
208.1513118
208.9409378
211.433854
211.7929773
211.9418834
213.5338885
214.081095
215.5991756
215.8816926
216.5288779
216.7970797
218.5955521
220.3418658
220.7851961
221.1719207
223.4794909
223.9367088
224.2080936
224.2329202
224.2515109
225.9938523
226.7756176
227.6648143
229.3117215
229.6676092
229.861504
231.0512881
231.7385326
234.1674621
234.2442297
234.6849317
235.3841995
236.2738088
236.5499147
236.6368004
239.2789315
239.458962
240.0287197
240.3005104
240.6315885
243.0895174
243.6962997
245.0337049
245.3039752
247.3879529
247.7556495
249.6742367
249.966721
253.4899086
253.8927695
255.0528561
255.9441713
256.2926323
256.6242774
257.1380079
257.4646707
257.5720568
257.9577504
261.6754442
261.8243416
262.1551373
262.1634845
263.4617122
264.2258019
264.3270972
264.8923475
267.0611973
267.5644731
268.7669012
269.7712951
271.8091745
272.1517374
272.343444
272.3886565
273.2631474
273.6164152
275.1735502
276.1445186
276.5041588
276.8803506
277.2511651
278.1566768
279.1706245
280.6382046
281.4227604
282.1823406
284.8836245
285.2407802
287.4421371
287.5043243
287.5991213
287.9352188
288.1364632
288.9931648
289.2470329
289.3293231
289.743057
289.8463444
290.056673
290.3913213
291.2984053
291.6562368
292.0064859
292.3572773
292.5302641
293.3783514
293.4413669
294.7790853
295.5049557
296.0642968
296.6730421
298.4025387
298.6564063
298.9240401
298.9387839
299.2047545
299.71626
299.8776546
301.3101386
301.4782033
301.5998711
301.8571218
301.9051827
302.4195882
303.0621072
303.3960707
303.5507187
305.1116776
307.1949178
307.2521043
309.6799101
314.7321766
315.8160255
317.3003824
318.1724158
319.3914507
320.8442492
321.8158034
321.9186582
322.1860986
322.2572939
322.5265978
322.5825733
323.5098974
323.6966384
324.2705532
324.6356691
325.9793233
326.2222914
327.8599365
329.5178313
330.1515373
331.0353771
331.3407212
331.6474052
331.7407322
331.7518516
331.8165373
331.8930133
332.700056
333.0636538
333.3628914
333.7008041
334.1812847
334.3428816
334.5048051
335.5724862
335.5742246
335.6852998
335.9033222
336.0099943
336.3805919
336.8778903
337.3815918
337.4997856
337.6732616
337.9277066
338.1573285
338.4666521
338.6284101
339.1246597
340.6899993
340.9359717
341.779326
342.866265
343.5091804
343.6215659
343.7270548
344.2520326
344.5092367
344.9973799
345.2221054
345.7745056
346.3874272
346.6343633
346.8600744
347.2286867
348.0878334
348.335665
348.467565
349.6484366
349.8624939
350.548953
350.8303245
351.0275608
351.1268921
351.2105525
351.2773091
351.3675397
351.4016182
351.5104687
351.618135
351.7119904
351.8335134
352.0848099
352.3549532
352.4254124
352.4920753
352.5832329
352.5993106
352.6819999
352.7746092
353.0776431
353.3179259
353.4508852
353.5007076
353.625231
353.6920006
353.6948303
353.7326931
353.8378464
354.1580974
354.1875468
354.752545
354.8888776
354.9411655
355.0044329
355.0499367
355.329884
355.4350984
355.4663942
355.6769003
355.7063151
356.138863
356.2037332
356.4080098
356.4140117
356.424453
356.5856113
356.6393703
356.6806033
357.068609
357.1674492
357.280887
357.6350628
357.6920229
357.7638838
358.1107762
358.1432543
358.261284
358.6531795
358.7877711
359.0251984
359.1365854
359.2504832
359.2706047
359.531533
359.6774479
359.706037
359.7211353
359.8814049
359.9546348
360.3342775
360.3647618
360.4411094
360.7016994
360.976116
361.2662071
361.3973458
361.532826
361.5440733
361.6438538
361.6796238
361.8057445
361.9747961
361.9757578
362.1411076
362.2956946
362.3341205
362.3826013
362.4353909
362.5241997
362.5311681
362.553211
362.5607104
362.5716575
362.6561728
362.6792519
362.684699
362.7231194
362.7776402
362.7827661
362.8239618
362.8953138
363.2040404
363.380573
363.5456188
363.603824
363.6735342
363.7331231
363.8852006
363.9125715
364.0257272
364.3474411
364.3754809
364.4030708
364.5521207
364.6046926
364.7153342
364.7541343
365.0426972
365.2103841
365.3343619
365.5085103
365.5305131
365.614641
365.8711408
365.9404348
365.976479
366.0214896
366.0315258
366.0646669
366.2863708
366.3293245
366.3355981
366.3634074
366.3977858
366.4794436
366.6439303
366.7261848
366.8988328
367.1132235
367.3902534
367.4897761
367.5124502
367.5372877
367.6079929
367.6242309
367.8399141
367.8783211
367.9607959
368.0395413
368.2359972
368.24696
368.3594227
368.4621737
368.6439097
368.647522
368.6538928
368.7055341
368.7497561
368.9844754
369.1204853
369.2250595
369.4868853
369.5709125
369.5848772
369.6204219
369.9110616
369.9930641
370.026135
370.2598611
370.3268599
370.3450678
370.5051173
370.6305367
370.6590841
370.6962956
370.8435501
370.8642243
370.8999714
370.9012587
370.9340428
371.009428
371.0665918
371.1441774
371.1905003
371.2038954
371.2549633
371.285497
371.2896315
371.4434194
371.4622088
371.4985214
371.5913086
371.6145861
371.6377405
371.6392961
371.7055996
371.7834032
371.8211788
371.8625444
371.9668647
372.1033883
372.1845211
372.2012326
372.2898155
372.2953763
372.3280825
372.4181198
372.4216363
372.4258321
372.4476997
372.4792537
372.5966903
372.6140679
372.6642427
372.6691588
372.707805
372.7567426
372.8091258
372.8353919
372.858039
372.8754825
372.9093728
373.0075223
373.0445851
373.0499907
373.0758595
373.1371165
373.2044046
373.2100043
373.2738843
373.3691725
373.3706853
373.3758074
373.445055
373.4788308
373.5128417
373.5170946
373.5514792
373.5593659
373.6080113
373.6546848
373.7386608
373.7517034
373.8022009
373.815566
373.8516397
373.8722264
373.8795438
373.9250275
373.9495424
374.0249827
374.0790285
374.0848291
374.1020612
374.1067745
374.1389698
374.1688682
374.1777356
374.2033061
374.2086446
374.2253286
374.266237
374.2728812
374.3078916
374.3176971
374.3194941
374.3362335
374.3821212
374.3824208
374.3979177
374.4530041
374.4532402
374.4604339
374.4858761
374.4892353
374.497818
374.4987204
374.5014631
374.5173701
374.5347331
374.5389459
374.5495778
374.5531528
374.566495
374.5683339
374.5803749
374.5908775
374.6040406
374.6069293
374.6229892
374.6303764
374.6341174
374.6382201
374.6388961
374.6416134
374.6429555
374.6468989
374.6475946
382.8861847
384.6063395
392.4580754
404.4292351
405.6737914
406.7524022
429.3835288
453.6987494
458.0562074
